7.87349
12.06
11.5352
10.8574
12.4584
13.3638
12.8015
14.2376
14.7121
14.9459
14.1304
14.906
15.7057
15.984
15.5387
16.9469
15.819
16.8631
17.2606
17.3531
17.9352
18.7781
21.7466
22.1568
21.7342
19.5542
21.9879
21.1473
22.8891
20.4998
20.4604
21.3918
21.425
21.2344
22.1586
21.1749
21.3282
20.862
22.1358
21.2608
20.8941
22.8467
22.2608
23.353
24.0457
21.6445
23.3655
23.9541
23.472
23.0162
23.1362
23.9964
23.6421
23.1504
23.2088
22.6303
23.2289
23.4269
24.4186
23.8366
22.505
23.05
22.184
23.1038
23.4294
22.6993
23.6112
23.3098
24.1433
23.6099
25.0775
25.6898
25.1722
25.42
24.8652
24.3348
24.9118
24.9919
23.9189
22.6029
21.4464
21.3683
20.9364
23.3398
24.31
23.2012
23.2748
24.7881
22.4004
24.0893
23.2092
23.8299
23.1849
22.9551
22.6743
21.9198
21.7017
20.8288
21.2753
21.5915
20.9523
23.5329
24.6891
20.9001
20.9547
24.8134
23.4273
25.3772
24.2959
25.833
25.1014
25.6585
24.7761
25.1118
24.6926
27.076
27.2226
25.9328
25.4138
26.7714
27.5518
26.6034
27.3626
25.6153
28.1122
28.4846
28.0084
27.1378
26.5609
28.9908
27.666
28.3988
26.2443
28.7766
25.8302
26.2986
27.7503
28.1946
28.4369
27.5083
28.6059
26.5647
28.4972
27.2478
28.3471
26.9235
27.3404
27.4261
26.4503
26.2177
25.1141
26.221
26.0048
26.2714
28.238
27.8499
27.095
27.3238
26.2648
25.1848
26.6298
26.2754
26.5091
25.641
26.3919
24.5913
24.6716
25.3436
24.3935
25.1532
25.8595
23.7885
27.8313
25.0759
26.1577
25.216
24.2867
23.2123
25.7934
24.8502
25.0974
25.991
26.6163
26.5877
28.3699
27.0174
27.3239
26.8176
24.6462
27.1419
26.7453
25.5893
26.8509
27.6557
28.1677
