16.6106
21.5754
17.6692
15.5861
18.8349
18.3444
19.6916
19.0318
20.4614
21.8127
20.182
24.7405
28.0308
25.9016
23.3476
24.0216
23.1018
25.2024
25.0082
26.6442
24.0631
24.3938
32.2968
29.9565
27.901
31.1156
34.8365
30.5503
30.9903
29.4104
29.0894
31.7048
28.5589
31.3371
26.754
29.7926
26.8284
27.282
28.7034
30.9194
27.2664
32.996
29.262
29.3599
30.764
30.8348
32.0368
29.6924
28.4482
29.9988
32.1976
31.2616
31.3438
30.1533
30.9237
33.8869
30.4902
33.5231
35.7155
32.5833
33.783
29.8749
31.9776
30.5845
30.4471
30.8968
33.5658
28.9192
32.7702
30.9816
32.9702
32.1324
34.543
37.8361
32.102
30.9389
32.602
33.4983
34.9499
29.6201
27.5721
29.1919
27.3409
31.1468
32.3096
32.1141
30.8949
34.4534
28.4615
30.9144
31.2435
29.8789
29.0056
31.6574
28.4188
32.2326
30.3592
31.0041
31.6707
31.9013
33.2538
32.4051
33.8265
32.092
29.27
34.9583
29.8323
32.7392
37.2911
35.1206
30.4418
33.9769
31.1394
33.5801
36.289
37.4321
34.7786
32.3216
34.4676
36.5578
35.9632
35.5356
34.1095
32.5682
37.3248
37.5386
38.939
37.5374
34.8618
35.478
35.115
36.4476
35.5636
35.0825
35.2223
35.8758
37.2952
34.7187
36.1424
35.5432
39.0344
38.831
38.5647
32.2074
36.524
33.769
34.7957
33.9866
33.1941
33.8341
36.9777
42.0427
35.8588
36.047
38.3604
36.5863
33.2258
32.3489
33.2581
31.8869
34.053
37.8087
35.0468
33.4462
34.0264
31.9208
32.7165
33.0548
31.558
30.4194
36.1946
28.856
36.4884
31.6241
34.8226
33.1584
31.0733
33.0868
33.3253
33.112
33.9786
33.3591
32.6941
34.9362
35.836
33.7208
33.6137
34.5264
32.2355
33.6961
35.3989
37.6363
35.2742
33.9561
36.6352
