8.76625
8.6726
10.3021
12.4175
12.1805
13.2082
12.6402
13.5333
13.2146
10.9464
11.6922
12.9994
12.71
12.6525
12.1156
13.1438
14.6728
15.9436
15.8407
15.8375
16.3117
16.4411
17.6178
15.9779
17.5347
17.7722
17.3131
18.0608
19.1912
19.9179
21.6862
17.579
19.1173
20.366
19.3097
20.3079
20.696
18.336
19.3993
20.346
19.6063
20.4241
19.7748
19.565
18.5658
18.4737
17.8038
19.2542
17.886
17.7958
19.567
20.4997
18.6539
19.6317
20.4747
20.0966
18.9511
19.9187
18.9143
18.8299
19.0264
20.0872
19.2147
20.1211
21.2027
21.0479
19.8017
19.8949
20.3008
21.4436
21.7677
21.9122
20.5525
21.1123
21.1484
23.1844
23.4752
23.044
22.9398
22.3253
23.1245
22.1817
22.2814
22.7315
23.512
23.0678
22.8455
22.8019
23.2022
22.8019
24.6074
23.8391
23.7803
23.4166
23.8347
23.4431
23.0513
23.5044
24.0145
24.2826
23.454
24.7565
24.807
24.2663
23.2864
23.8344
23.4821
23.7709
24.5526
25.1755
25.0884
24.4469
22.9406
22.5034
22.9544
22.9886
24.0814
22.9204
22.324
22.6263
22.3106
23.0446
23.8193
21.3015
22.1007
23.8853
22.5283
22.1156
22.2022
22.3471
22.9403
22.9528
23.5313
23.472
22.7624
23.2091
24.8465
24.0364
24.1642
23.2058
23.7536
23.6283
24.4478
24.982
24.8563
26.0556
22.9534
25.3149
23.3552
25.1185
24.1625
23.9175
24.7421
24.44
23.7044
23.9623
23.757
23.6345
23.1343
23.8264
22.8558
22.2685
22.656
22.2813
20.0328
21.9334
21.7214
22.426
21.9124
23.5007
23.0237
25.378
22.5824
22.0033
23.1173
22.9452
22.7585
21.487
23.6972
22.6802
23.0551
23.6349
22.8117
22.3142
22.8746
22.1912
22.4941
23.0796
23.374
22.9088
23.5416
22.9362
23.3402
22.9664
23.1702
22.3257
23.429
23.2137
22.8843
23.4711
24.5499
23.3321
24.8171
24.5372
24.33
25.2603
25.2978
25.1222
25.7753
23.8913
25.1865
24.1436
24.002
22.7177
24.6248
24.8711
25.3189
23.9025
24.4113
24.4706
25.0215
24.9746
24.0751
24.6126
23.4237
24.3202
24.3633
22.7235
23.6443
24.5406
23.8515
22.691
23.6359
22.8569
22.4967
24.4028
23.7065
24.4277
25.1719
25.1172
23.6453
24.7717
25.1606
25.1147
24.5222
25.0467
24.1102
23.6868
24.2656
24.4206
25.1435
25.7072
26.2182
26.8453
25.7827
