21.1927
15.5582
15.8114
20.1102
19.2726
19.7894
18.14
18.4123
19.6548
16.2438
19.2172
19.6938
21.9134
20.9038
18.4853
26.1882
19.9311
27.6173
26.0312
28.3118
23.0322
23.9137
27.5799
24.163
26.3642
27.6362
24.7286
26.9059
27.4742
27.4434
27.0729
25.4859
27.8769
27.0289
27.1489
26.1497
26.8482
29.0377
25.0983
27.0749
27.7918
26.6782
26.0894
25.0851
24.6866
25.4358
26.9802
26.0771
26.3012
25.6412
27.2712
28.2985
25.3496
27.0126
28.158
28.5223
24.6244
25.0549
25.6048
27.7179
28.2024
24.318
26.4436
26.3054
27.5703
27.7062
24.9745
31.2754
27.495
27.9086
28.8208
29.5736
26.841
29.016
30.2929
36.0428
30.9933
30.8621
28.0953
30.2699
29.9405
28.2429
29.225
27.9781
29.4571
30.2661
33.782
30.5777
30.5508
29.5962
33.4069
33.742
31.1526
30.0154
32.3433
33.8983
32.2134
31.196
31.6612
30.5301
30.0302
30.4505
31.3786
30.7844
29.0423
33.3461
29.6904
31.893
33.967
32.3573
33.2262
29.8515
30.3114
28.3693
29.8673
32.9475
29.8994
30.0716
28.6106
33.9556
27.7625
30.983
27.8045
28.6535
28.2523
29.2582
29.8427
27.773
30.1875
33.2726
29.0594
28.7634
32.4526
31.6384
28.6352
30.8966
29.4267
31.7213
29.62
32.4966
28.4449
34.7429
32.5092
32.0636
30.8469
31.2999
29.092
29.238
30.2755
31.1997
30.4941
31.7335
36.8104
31.4726
30.7928
31.9582
30.3596
29.9077
30.7818
28.6228
28.9877
28.1914
28.2265
28.3061
28.6149
30.5915
29.9582
28.8647
31.732
30.85
32.4948
34.1547
33.3797
32.2102
30.5002
28.0996
27.6071
27.3656
30.6544
31.2625
29.8159
28.7069
29.5318
27.5328
30.2563
26.421
28.1068
29.6382
27.6427
30.7303
30.6999
28.6198
29.2168
28.0286
30.3064
31.3968
29.537
33.1738
29.8257
31.8137
30.8714
31.7586
33.5797
30.7501
30.0378
32.4882
32.2397
34.2303
30.3453
34.9588
32.5727
32.1591
28.3952
26.2909
33.4674
33.2967
32.3962
30.9458
32.2135
30.6564
30.8965
30.8954
29.1389
31.437
30.6294
28.6647
33.5353
29.7815
31.9549
29.2897
32.0263
32.0739
28.8646
31.1372
30.767
35.3038
29.622
32.6434
31.2624
31.7707
35.7369
30.6305
35.8925
31.0486
29.6596
36.6867
28.4924
29.9309
30.4914
33.9691
30.7578
33.7728
33.1557
33.8062
32.2602
