61.1042
62.1086
60.6672
60.2718
59.5763
60.4048
60.0668
61.9404
61.6558
61.0569
61.5264
61.5344
60.7405
60.6835
60.155
60.7684
58.5215
60.0782
59.6979
58.3108
60.8258
59.6758
61.3291
59.3785
60.7719
59.3576
59.888
61.7392
61.9345
62.2078
61.8833
61.2006
60.0876
59.5364
60.2431
61.4823
60.2007
60.1752
60.1784
61.0376
59.5105
59.4935
60.0276
60.2577
59.3087
60.087
59.0486
59.7189
60.305
60.5348
59.3972
60.878
60.0641
60.1973
60.4746
60.3974
57.8057
60.7666
59.3403
59.0405
59.9848
58.7964
59.5798
61.2336
59.7692
60.2458
60.7503
59.5964
59.5824
58.4805
58.1134
59.4229
60.1202
59.4902
58.2011
58.7496
60.3677
60.0092
59.844
59.6438
59.454
58.7654
59.9931
58.961
59.5352
58.3512
58.8357
59.2585
60.0811
59.9576
60.0231
60.2727
58.1442
60.8207
59.4767
59.7404
59.7969
59.8429
59.9943
61.8292
59.7264
59.9863
59.7664
59.5059
59.4237
59.3089
60.3351
60.1742
58.797
60.7926
60.228
60.9758
59.1058
59.3691
58.9906
59.1715
60.4088
60.0485
60.957
60.4056
60.1158
60.7376
59.3222
59.9006
60.2568
60.2756
59.7506
60.7609
61.1766
59.4102
61.6159
60.0128
59.8316
60.7029
60.1955
60.9356
60.11
60.1283
58.9353
59.8161
59.0888
59.6691
60.6128
59.9284
61.546
60.5044
59.4381
58.1947
60.4398
59.5123
58.8686
59.8064
60.1837
59.6412
59.0005
59.772
59.5506
58.7814
58.8254
58.6129
58.1101
58.383
59.4242
58.883
59.1528
59.8923
59.1779
59.4262
60.1718
59.1289
59.2426
59.3875
60.1398
59.4636
59.6368
58.8654
57.7909
58.6509
59.2416
58.4829
58.4534
59.7249
58.6502
58.8556
59.2371
58.5504
58.8186
57.5231
60.3077
60.1283
59.1519
60.064
59.0305
59.8069
58.0985
57.4734
59.1143
59.3434
59.4806
59.3094
60.1879
60.2309
60.2873
59.3942
59.333
60.4001
59.623
59.2567
58.278
60.1478
59.0597
59.701
57.8368
58.7184
58.3305
58.5275
58.7384
59.0034
58.6454
58.6879
59.1645
59.3253
59.094
58.2494
58.7272
58.7817
57.4367
59.1788
58.4154
59.948
59.4297
58.6817
57.5568
58.5771
59.7734
59.4326
58.6847
58.7274
59.131
59.608
59.4507
58.786
58.2749
57.1932
57.8916
58.9719
58.4663
58.884
58.4331
60.2673
59.7087
57.9891
59.69
59.1961
59.5296
60.3011
60.1699
60.8809
59.9494
