68.0885
70.2913
68.6226
69.5942
72.7973
70.1676
68.3304
71.3684
67.4878
67.8041
69.9003
69.4751
70.1732
68.425
69.3796
70.3274
65.6637
67.5504
67.1963
65.3987
68.3119
71.5189
66.3456
68.3044
67.9704
66.294
67.2243
72.436
70.057
68.7174
67.075
71.1592
66.8642
65.4547
69.9551
70.6438
65.482
64.8739
65.6078
70.0372
67.691
66.9181
65.8421
68.2748
71.0311
66.3872
68.5305
65.5253
66.5508
67.8514
66.9305
65.5945
66.6176
67.6778
66.9754
69.5948
67.9825
65.8207
66.2482
69.6901
67.9961
64.1755
69.7428
67.6644
65.745
66.3141
68.065
66.8178
67.1973
66.2309
63.4972
67.3332
66.9914
67.801
67.6626
65.061
66.7688
66.3904
68.2184
68.1453
66.9534
68.7731
66.3206
68.5474
66.71
68.2033
65.9371
66.5298
67.3489
66.0276
69.0759
67.8103
65.0067
67.514
67.8514
67.0307
69.2166
69.378
67.3961
69.379
68.5655
69.5412
69.2723
65.1562
69.2469
68.0784
68.398
66.3192
65.8138
70.9733
65.5812
67.0977
65.9861
66.4185
66.7134
67.1533
66.4915
67.9852
66.7746
69.0714
68.6243
68.5704
65.7202
66.2216
65.9305
65.9681
66.1354
68.732
67.1564
68.8997
70.1531
69.8387
67.1804
68.9434
67.0312
68.6418
66.5849
69.2678
66.9403
66.1975
64.7622
66.8532
70.1547
69.3396
68.0549
67.8416
67.1967
71.7237
72.893
63.792
65.2864
70.5095
68.1405
64.1526
72.0279
66.3554
64.9844
65.2245
64.7619
64.9814
65.0048
66.4233
67.698
67.7193
66.2633
68.187
65.3591
67.8771
68.1046
65.2293
67.2549
65.4556
69.1953
67.6916
68.2966
64.6968
65.7472
63.6069
65.3776
65.3518
64.1776
66.7752
66.3097
64.3871
63.9293
66.1563
64.8753
68.0924
67.9098
69.7514
67.6967
66.4856
66.6532
69.8654
66.2786
64.9958
69.3452
67.8256
65.1837
67.8444
68.7821
66.4438
66.4329
65.0304
68.416
69.7618
67.5618
64.8496
65.7347
65.8396
66.7005
66.1144
62.9229
64.376
65.0321
66.168
66.1627
69.0172
66.5916
67.7508
67.4542
67.0438
65.9894
67.3013
68.4771
65.6834
64.5097
65.7196
65.9493
66.3085
65.7815
65.4535
67.486
66.339
65.4785
65.7706
67.9266
68.7611
67.3146
65.4818
65.7698
63.7432
66.03
63.2901
66.1568
66.688
64.5237
65.8829
67.1504
68.6362
70.9351
66.9493
66.2619
66.5921
69.3858
68.1653
68.6266
69.3148
66.306
