0.1208033860
0.0965665281
0.0848322213
0.0771708190
0.0717242062
0.0734097213
0.0711197928
0.0706571266
0.0682713091
0.0654441118
0.0668606237
0.0644793734
0.0601931922
0.0565059297
0.0583177507
0.0563207418
0.0555444583
0.0567861758
0.0569860637
0.0530676432
0.0533771366
0.0536172986
0.0523142628
0.0520029776
0.0527476370
0.0504826643
0.0481158644
0.0496603623
0.0487629771
0.0473584943
0.0462325215
0.0486485995
0.0489570834
0.0467460863
0.0494340174
0.0470154434
0.0442683436
0.0466418453
0.0450885668
0.0460240133
0.0459928364
0.0514529012
0.0465546995
0.0490301214
0.0492072999
0.0458258316
0.0444106385
0.0428981744
0.0444891565
0.0438485183
0.0427165553
0.0446551181
0.0434892923
0.0422760062
0.0442108959
0.0421778634
0.0454442278
0.0457967184
0.0447706804
0.0412903167
0.0413911454
0.0433967151
0.0432513505
0.0452704020
0.0435740687
0.0403354019
0.0425613597
0.0412907824
0.0409096442
0.0397814251
0.0408009626
0.0388139300
0.0393259339
0.0393765084
0.0432807058
0.0390038826
0.0413673036
0.0390267447
0.0387430489
0.0371668786
0.0380806960
0.0407942459
0.0402389728
0.0410251021
0.0456931181
0.0408120342
0.0387781896
0.0379135646
0.0394638777
0.0404659584
0.0372200347
0.0355130509
0.0353723466
0.0376587883
0.0390045568
0.0372843333
0.0385095775
0.0372356921
0.0394361094
0.0368576273
0.0365459807
0.0391814448
0.0387949161
0.0383791961
0.0381848738
0.0397559814
0.0379772857
0.0388512798
0.0371553041
0.0402238220
0.0384250581
0.0372129939
0.0406278595
0.0377900973
0.0371219069
0.0374986827
0.0404053330
0.0358413830
0.0365077332
0.0387451053
0.0386048108
0.0376047269
0.0373988748
0.0353402086
0.0372862779
0.0354362726
0.0348388441
0.0376228876
0.0357041135
0.0342056528
0.0357729904
0.0377655290
0.0356579237
0.0348371677
0.0367493592
0.0362951346
0.0354534946
0.0363338590
0.0351615399
0.0366774164
0.0374247693
0.0385598056
0.0373105556
0.0343994685
0.0390410572
0.0345261805
0.0338444076
0.0365581885
0.0373255201
0.0374303386
0.0346338563
0.0351832174
0.0353778265
0.0347974226
0.0333095007
0.0332454480
0.0366345719
0.0362064987
0.0357074700
0.0357834958
0.0335763022
0.0332517661
0.0333537422
0.0332775451
0.0324674100
0.0342714973
0.0347331986
0.0329500884
0.0332350880
0.0332778879
0.0384777710
0.0333037041
0.0344718322
0.0331799798
0.0325808562
0.0336095057
0.0354924425
0.0352292843
0.0350523107
0.0351978652
0.0348275974
0.0354051925
0.0357529148
0.0350692719
0.0341073871
0.0346944332
0.0332599059
0.0345914252
0.0348370001
0.0322875790
0.0349692330
0.0354966857
0.0347049832
0.0335431285
0.0341829173
0.0341029949
0.0339345336
0.0357855745
0.0325104259
0.0340175368
0.0365392268
0.0326889902
0.0348202363
0.0343804955
0.0332367010
0.0339397937
0.0333811976
0.0322912708
0.0316921510
0.0343261659
0.0363852605
0.0343220122
0.0363074690
0.0376717523
0.0364845917
0.0382652804
0.0324048176
0.0346312448
0.0368976817
0.0337570794
0.0327839330
0.0332170166
0.0321063325
0.0327605009
0.0331182256
0.0354504772
0.0339961648
0.0336309448
0.0312484093
0.0327322446
0.0319932625
0.0319929831
0.0328984968
0.0332899019
0.0325414874
0.0322103389
0.0329235978
0.0322499201
0.0317728631
0.0330628566
0.0338624343
0.0322652273
0.0318524837
0.0304873753
0.0308532603
0.0314720608
0.0330453590
0.0334764421
0.0332640186
0.0312977359
0.0309555829
0.0303062573
0.0322181545
0.0319830664
0.0330158137
0.0328110419
0.0348089784
0.0335728638
0.0353216231
0.0345354900
0.0318121500
0.0311946087
0.0314857364
0.0330175534
0.0334294178
0.0311002117
0.0325468965
0.0306841414
0.0308274459
0.0320190750
0.0315502845
0.0312581658
0.0320701338
0.0304967333
0.0335755534
0.0321346149
0.0316664018
0.0315592438
0.0343755931
0.0344373770
0.0344265327
0.0313737653
0.0310608521
0.0323461741
0.0306138303
0.0306861158
0.0299419388
0.0302624293
0.0300610363
0.0312023759
0.0321645141
0.0337013192
0.0319363326
0.0335719138
0.0322008580
0.0320912227
0.0305441432
0.0320146456
0.0304662120
0.0315522179
0.0306623727
0.0308821108
0.0319438688
0.0310585983
0.0317976177
0.0296953879
0.0314432345
0.0300472286
0.0298511405
0.0309882555
0.0298334938
0.0297834016
0.0297110546
0.0326465406
0.0314013697
0.0303846262
0.0317914374
0.0301382151
0.0306922738
0.0306303222
0.0338545926
0.0342155620
0.0338765532
0.0316124707
0.0299619902
0.0308090653
0.0296448916
0.0291561466
0.0294816215
0.0307720490
0.0303078834
0.0301467422
0.0316306688
0.0333396345
0.0307186004
0.0300131384
0.0294969585
0.0287006404
0.0291855838
0.0296367947
0.0290842503
0.0289759710
0.0288729332
0.0289270356
0.0291845463
0.0290326774
0.0303068515
0.0308928005
0.0292320307
0.0325512737
0.0314567313
0.0318289772
0.0303194020
0.0308459029
0.0301893018
0.0296446066
0.0288849194
0.0290641896
0.0294188447
0.0292842556
0.0293191783
0.0307295751
0.0314820372
0.0298252627
0.0296050105
0.0298323110
0.0296707526
0.0296659730
0.0302115865
0.0296592340
0.0320596360
0.0325823091
0.0294617247
0.0292392168
0.0298976135
0.0296019092
0.0292256866
0.0291402861
0.0327042975
0.0333302543
0.0332882144
0.0308293104
0.0314805731
0.0350496955
0.0341643132
0.0318790413
0.0306428578
0.0300453193
0.0297187436
0.0325901471
0.0295821670
0.0296515264
0.0289783422
0.0288909469
0.0293399822
0.0290851984
0.0303686503
0.0301212911
0.0295560341
0.0305861197
0.0307208952
0.0293414108
0.0293454695
0.0289130826
0.0289570931
0.0298342574
0.0307176802
0.0296706967
0.0318535529
0.0321553200
0.0313033275
0.0312621668
0.0302645024
0.0297134370
0.0299073160
0.0296382010
0.0302260406
0.0296999123
0.0300621465
0.0298045352
0.0292075630
0.0302686933
0.0292450786
0.0299560092
0.0298473816
0.0295238625
0.0310633443
0.0300779864
0.0294144601
0.0287938714
0.0294375382
0.0298899170
0.0285675377
0.0327734686
0.0345980786
0.0318223871
0.0300303847
0.0297347791
0.0308745224
0.0291298684
0.0294955503
0.0294270385
0.0297794901
0.0303248130
0.0293001216
0.0295144487
0.0318549052
0.0310806874
0.0306552630
0.0301825944
0.0284784697
0.0293693244
0.0294012018
0.0289769303
0.0292141475
0.0292050410
0.0285314303
0.0286160260
0.0304762535
0.0286884289
0.0293600485
0.0296693463
0.0290008429
0.0298859589
0.0322697088
0.0335008316
0.0311967991
0.0305381771
0.0297162104
0.0287774485
0.0283849146
0.0285781119
0.0282145720
0.0281482916
0.0290183127
0.0281209163
0.0292564705
0.0307685230
0.0297369454
0.0282715131
0.0280286893
0.0280518699
0.0285978001
0.0284524020
0.0302493609
0.0283912811
0.0307545923
0.0302287880
0.0289969351
0.0294488817
0.0288120210
0.0289571323
0.0288391858
0.0286277551
0.0282455850
0.0284811128
0.0299389604
0.0288876947
0.0292411428
0.0288994312
0.0305710547
0.0286692381
0.0285622906
0.0281700287
0.0281626936
0.0292727593
0.0287026074
0.0289919451
0.0318985470
0.0313979052
0.0292069241
0.0296995044
0.0308106504
0.0283476245
0.0303498879
0.0289054569
0.0284103528
0.0289826319
0.0292231571
0.0280945320
0.0286721364
0.0278867073
0.0289612059
0.0289870165
0.0285803434
0.0287686326
0.0288327616
0.0291315168
0.0287352018
0.0310625862
0.0316286385
0.0294110607
0.0306933410
0.0297332425
0.0305391178
0.0284151379
0.0286701377
0.0285727810
0.0280386619
0.0279160887
0.0278425906
0.0279122069
0.0282683298
0.0310063064
0.0285094883
0.0282709207
0.0280892551
0.0278720614
0.0282739066
0.0295080375
0.0280578900
0.0280467533
0.0287265647
0.0296661146
0.0294301733
0.0288396534
0.0306597296
0.0333745629
0.0287005063
0.0282061305
0.0278142449
0.0284442101
0.0278624762
0.0284420904
0.0280768108
0.0292443875
0.0298705269
0.0326887667
0.0335155241
0.0317492299
0.0316665061
0.0288034827
0.0282143038
0.0289135724
0.0284827072
0.0286492351
0.0290351007
0.0279900152
0.0320430845
0.0304629318
0.0292598326
0.0305937361
0.0278122406
0.0283781532
0.0285045337
0.0275126696
0.0288996641
0.0286338981
0.0280619245
0.0281175617
0.0278723501
0.0284259822
0.0289405137
0.0300168358
0.0287385751
0.0308963191
0.0331005491
0.0302286483
0.0317177363
0.0294330344
0.0290983245
0.0283497013
0.0275869519
0.0272688027
0.0272011645
0.0272212476
0.0277269017
0.0293053426
0.0289782248
0.0276402514
0.0280032884
0.0279672928
0.0319095068
0.0313739851
0.0311906226
0.0286074579
0.0277511850
0.0272851642
0.0272157360
0.0311886650
0.0283689331
0.0270818658
0.0271462984
0.0272721909
0.0272625536
0.0287640151
0.0281647444
0.0279396046
0.0272726994
0.0275909230
0.0276283976
0.0277917385
0.0295568742
0.0276639182
0.0269364715
0.0266853049
0.0266944785
0.0281635933
0.0278064106
0.0277523361
0.0271424353
0.0269719735
0.0272320807
0.0269420985
0.0294888560
0.0284228604
0.0283048991
0.0279087778
0.0272912178
0.0271415096
0.0267181136
0.0266234651
0.0268443916
0.0266704988
0.0284993984
0.0272237528
0.0281896517
0.0282496307
0.0293409601
0.0275312122
0.0280434862
0.0271453913
0.0303531121
0.0277835838
0.0278281756
0.0269500054
0.0289710313
0.0268742647
0.0266784672
0.0264708046
0.0267047286
0.0292788502
0.0273957644
0.0269162580
0.0268234555
0.0265560951
0.0283076745
0.0275096260
0.0283035748
0.0271081701
0.0302312281
0.0272007659
0.0270686932
0.0268525146
0.0267787576
0.0263346750
0.0302177239
0.0297696274
0.0289872847
0.0275510717
0.0262794383
0.0262160227
0.0263659507
0.0266339332
0.0265533067
0.0266659185
0.0262839627
0.0264322981
0.0263924059
0.0307108965
0.0286183376
0.0286962893
0.0262104422
0.0264321901
0.0268500540
0.0269034356
0.0266545471
0.0261643883
0.0262862146
0.0265763104
0.0259096604
0.0277654175
0.0284620281
0.0290815178
0.0275557097
0.0264725797
0.0276371650
0.0265609510
0.0273677278
0.0310302824
0.0285395589
0.0277136564
0.0294409376
0.0298416596
0.0275074840
0.0261833556
0.0262644831
0.0262471009
0.0260601826
0.0265475940
0.0262945890
0.0257140268
0.0264448654
0.0264268555
0.0259007979
0.0263316371
0.0257887132
0.0257773604
0.0263127312
0.0257196724
0.0256747771
0.0257879496
0.0309758596
0.0303632803
0.0276285298
0.0279635210
0.0270358138
0.0258893929
0.0267680883
0.0259802770
0.0268799961
0.0269881766
0.0263101831
0.0281850845
0.0276243743
0.0261756219
0.0267356038
0.0259638187
0.0257705785
0.0257245451
0.0260122027
0.0265254304
0.0265441779
0.0259550363
0.0258171428
0.0256166440
0.0267859679
0.0258580782
0.0257922094
0.0258959867
0.0269678049
0.0265037566
0.0265767127
0.0266230684
0.0298140030
0.0295662060
0.0274527762
0.0263957437
0.0258208122
0.0256772544
0.0271806456
0.0287287049
0.0309050865
0.0275264233
0.0307697151
0.0281294044
0.0292662214
0.0288788266
0.0274365358
0.0276234616
0.0269794408
0.0259645879
0.0267043523
0.0259903986
0.0257163085
0.0256801061
0.0292835236
0.0278023072
0.0261595566
0.0263877157
0.0268681906
0.0273424257
0.0255920235
0.0257459693
0.0255873185
0.0256800689
0.0258373264
0.0257075187
0.0256609805
0.0261831973
0.0265534855
0.0263554417
0.0260665361
0.0257357378
0.0288584549
0.0274020229
0.0285024755
0.0331446268
0.0331035033
0.0281933062
0.0293360353
0.0286415573
0.0277560540
0.0268054437
0.0263436045
0.0264228694
0.0261671674
0.0257272609
0.0260363407
0.0267149117
0.0263611171
0.0265134126
0.0267599467
0.0274649244
0.0259347130
0.0263883676
0.0258459076
0.0256501064
0.0256152451
0.0254701618
0.0301570147
0.0294929966
0.0259042699
0.0255812053
0.0255106594
0.0256159939
0.0256725047
0.0256089382
0.0254796222
0.0261897910
0.0256020799
0.0259855110
0.0258045718
0.0257346239
0.0263158232
0.0278517064
0.0261949580
0.0262623727
0.0262149051
0.0264745727
0.0275202468
0.0286526363
0.0279549398
0.0287055857
0.0265027322
0.0261693113
0.0260669701
0.0256501175
0.0260639992
0.0256318431
0.0256331135
0.0265017673
0.0270124450
0.0267631002
0.0296334829
0.0297249295
0.0264828615
0.0268535018
0.0285071563
0.0271213837
0.0258807931
0.0282148700
0.0282185376
0.0274565574
0.0289795455
0.0264232904
0.0272836238
0.0271680392
0.0260337330
0.0267298315
0.0272826925
0.0262230113
0.0261174347
0.0256903656
0.0281764567
0.0273732711
0.0323238969
0.0304407720
0.0279083494
0.0280311666
0.0282692965
0.0266313478
0.0268341154
0.0271993410
0.0267109964
0.0268919319
0.0285826251
0.0296311826
0.0284123812
0.0284010135
0.0286231507
0.0269270726
0.0276001934
0.0277313311
0.0259312242
0.0274164118
0.0261289533
0.0257454533
0.0306746643
0.0295828730
0.0268435311
0.0264824852
0.0265528858
0.0277830865
0.0272537991
0.0269344021
0.0257450715
0.0260499902
0.0262086522
0.0260304343
0.0266102981
0.0262792986
0.0260095261
0.0258806217
0.0280914716
0.0276261549
0.0264860950
0.0265906341
0.0267671328
0.0256457534
0.0257249400
0.0256491639
0.0256595816
0.0257767159
0.0293427873
0.0265888181
0.0294122007
0.0280065741
0.0274678897
0.0281447787
0.0283350889
0.0264493600
0.0261469185
0.0257095750
0.0279821269
0.0268691760
0.0261915866
0.0259943623
0.0272699539
0.0264980979
0.0260053333
0.0256991144
0.0268527418
0.0264882930
0.0267204940
0.0291894581
0.0284397379
0.0263797287
0.0279041324
0.0263399184
0.0258246940
0.0255991984
0.0254891478
0.0270130225
0.0262662452
0.0258127488
0.0260600187
0.0253913626
0.0255060513
0.0267082099
0.0260974914
0.0270474609
0.0257481355
0.0266817119
0.0269083064
0.0265438054
0.0258452669
0.0258228760
0.0255626589
0.0255565383
0.0253576953
0.0258450266
0.0268926118
0.0262526497
0.0260262098
0.0262478329
0.0260401275
0.0256169122
0.0259472486
0.0263137743
0.0291723851
0.0299432445
0.0300318878
0.0285854451
0.0272909664
0.0259845816
0.0271992385
0.0290247146
0.0287632830
0.0280365087
0.0277223531
0.0266538002
0.0265113786
0.0262215175
0.0262438320
0.0262840688
0.0260929838
0.0256879292
0.0259257443
0.0259251744
0.0269103404
0.0269487947
0.0259978939
0.0323316231
0.0341205113
0.0279321354
0.0265489835
0.0260014143
0.0257164668
0.0254971050
0.0253519770
0.0253845640
0.0253386591
0.0254604146
0.0253189746
0.0263368376
0.0255219527
0.0253542550
0.0255559962
0.0254466441
0.0256616715
0.0262644887
0.0265409183
0.0267776288
0.0274968836
0.0258141812
0.0261686146
0.0290738139
0.0319808684
0.0298103690
0.0268938355
0.0262353905
0.0271901861
0.0268168952
0.0273758490
0.0269692689
0.0269348416
0.0264320299
0.0261019208
0.0281925574
0.0278305206
0.0276218262
0.0287052598
0.0263126735
0.0263634697
0.0276287533
0.0284828115
0.0273340438
0.0272169933
0.0305122808
0.0278190598
0.0271634907
0.0297971852
0.0274499096
0.0259025022
0.0268989187
0.0263641533
0.0277576875
0.0263202731
0.0264861416
0.0258741900
0.0252701566
0.0256125238
0.0261127129
0.0257956143
0.0258705318
0.0265744198
0.0255809780
0.0256244540
0.0255621765
0.0255075097
0.0255485810
0.0253840871
0.0253385250
0.0254969671
0.0263263416
0.0256016254
0.0255247131
0.0260977503
0.0258410573
0.0262649246
0.0254828390
0.0262883194
0.0266612638
0.0287833065
0.0275475867
0.0295108277
0.0277856961
0.0265345797
0.0260579754
0.0255468972
0.0253479164
0.0252206791
0.0252453145
0.0253275167
0.0261857137
0.0258412156
0.0255914368
0.0255640578
0.0272748433
0.0265825149
0.0255532488
0.0263807308
0.0263170116
0.0259753950
0.0255980715
0.0261572525
0.0257640537
0.0257891882
0.0254196394
0.0254766122
0.0255462378
0.0270863064
0.0264543444
0.0258217156
0.0287265442
0.0293200444
0.0274855904
0.0264522620
0.0259612836
0.0258519594
0.0253112987
0.0255852435
0.0260403417
0.0254956055
0.0277145021
0.0293460395
0.0307489987
0.0266952757
0.0261217803
0.0274411179
0.0259596314
0.0261004195
0.0254113451
0.0258845855
0.0253839735
0.0256356392
0.0270835627
0.0257266201
0.0257676467
0.0254666116
0.0260849241
0.0258807410
0.0252980106
0.0253128670
0.0257902183
0.0262579937
0.0255071465
0.0254480243
0.0255808029
0.0253425855
0.0255117770
0.0259999912
0.0253352039
0.0253199358
0.0269356500
0.0261120945
0.0258768816
0.0254966132
0.0252381638
0.0253909323
0.0262810029
0.0252124630
0.0255043618
0.0253825355
0.0256169848
0.0261018015
0.0271107554
0.0283390451
0.0281580966
0.0275548305
0.0256347675
0.0255746264
0.0264191367
0.0255185887
0.0252717882
0.0255359355
0.0251167659
0.0262955986
0.0256208181
0.0253366623
0.0256593749
0.0253645182
0.0255910642
0.0272276271
0.0264662653
0.0284907501
0.0263899844
0.0266739875
0.0274469890
0.0303245783
0.0269528516
0.0270568393
0.0290889069
0.0260180868
0.0273058079
0.0260649435
0.0259505101
0.0254501011
0.0252613947
0.0252750199
0.0262242313
0.0259102713
0.0255344808
0.0260798112
0.0270683486
0.0256497972
0.0257928967
0.0253282618
0.0254845414
0.0256053917
0.0262254514
0.0282525104
0.0264378525
0.0261131655
0.0256076548
0.0257891603
0.0255502891
0.0304281116
0.0310740042
0.0259808209
0.0277185477
0.0327353999
0.0294772200
0.0278855897
0.0262863096
0.0276954100
0.0287795570
0.0263176300
0.0276312847
0.0257887263
0.0255208481
0.0255767219
0.0264856685
0.0310232863
0.0294102915
0.0278330725
0.0269799493
0.0271010380
0.0258230269
0.0267799236
0.0254274271
0.0254564174
0.0255573075
0.0255187955
0.0253739450
0.0261481609
0.0253027882
0.0256322566
0.0260784663
0.0260913465
0.0262919012
0.0275083650
0.0262687933
0.0257269386
0.0258872956
0.0264296290
0.0256501716
0.0266506951
0.0259980001
0.0253867786
0.0254303049
0.0251569524
0.0252497159
0.0255204607
0.0251632705
0.0251936801
0.0253052097
0.0251322947
0.0260018762
0.0254829042
0.0250727572
0.0252204351
0.0261367168
0.0256824382
0.0253258552
0.0255232584
0.0261544380
0.0264967419
0.0260402150
0.0256891623
0.0249745362
