55.0797
54.8699
53.2591
54.5728
55.1299
54.3863
53.8211
54.5612
55.5631
54.6486
56.1749
54.7231
54.0135
54.0399
55.3233
54.1476
55.6205
54.6694
54.6782
54.0152
55.1521
55.6151
56.4381
55.824
57.4353
56.4604
57.0409
55.9404
56.3639
57.3322
57.9333
57.679
57.605
57.51
57.087
56.2614
57.3042
59.1305
56.7482
57.2486
57.0223
58.2319
57.3632
57.5577
57.1575
58.8953
57.9983
57.0198
57.3778
57.2035
58.2959
56.5686
56.3438
54.8322
56.4509
55.6624
54.6689
56.5196
56.9418
56.3745
55.8568
55.6511
55.5406
55.8982
56.9586
57.6683
57.8974
57.7561
57.9207
57.95
58.2967
57.594
57.4345
56.9601
57.5092
56.9027
55.7451
58.0605
58.0057
57.6436
56.6771
56.5832
57.4997
57.8044
56.7926
58.9226
55.7372
56.2143
57.5355
58.5099
56.1892
55.7441
58.0168
56.7113
55.0186
58.7872
56.7048
58.1664
57.2917
56.7294
56.9623
57.4151
57.0755
57.9093
56.6421
58.3215
58.6504
56.7441
57.0605
56.0997
57.386
56.2012
55.3028
58.1337
58.2759
59.436
58.0794
59.0706
58.0353
57.9659
58.6939
57.9104
58.3709
58.2034
58.4656
58.0373
57.8994
59.0067
58.4461
58.1739
59.7467
58.9551
59.5017
59.2303
59.3644
60.4871
60.4381
59.6074
57.0376
59.5827
60.8783
59.6736
59.6909
58.6167
58.4433
58.2942
58.036
58.9426
58.1511
59.2515
59.1598
58.7575
59.4164
60.4902
59.2702
58.9751
59.6401
58.6235
58.0041
58.4534
57.6484
58.8622
58.181
57.64
58.402
58.9497
58.7722
58.415
59.1165
58.6742
58.7554
60.2111
59.646
57.1674
58.8948
58.2524
58.8606
58.8128
59.4384
58.5463
59.466
58.5239
59.6958
59.4111
59.842
57.9343
58.3707
56.7352
59.7336
59.986
58.364
59.0643
57.8471
58.4831
56.1634
58.688
58.1162
58.6502
59.6801
59.1492
58.1166
58.5892
58.3448
57.535
56.9147
57.9438
57.5586
56.6688
57.6944
58.1858
59.0804
57.2513
57.5806
57.457
59.7889
58.7552
59.7418
59.0518
57.9919
58.9249
58.2602
58.5392
58.5413
58.5764
56.9648
57.5116
56.2756
56.2958
56.2545
56.3936
57.3838
56.7242
58.4725
58.4936
58.2118
57.3678
57.4649
58.0146
58.9809
57.8328
59.5067
59.3388
59.5884
58.5262
59.0779
59.5501
59.1262
60.1318
58.2687
60.1049
59.0472
59.5334
58.4582
59.6388
58.5048
59.8061
60.5165
59.6515
59.2439
60.1781
58.1376
58.3184
59.1725
59.0527
59.5784
58.5511
58.9877
60.9981
59.1158
60.8662
60.0677
58.1746
59.4342
58.722
56.5603
57.4846
58.5253
58.4994
60.2713
59.2922
60.2778
58.3867
60.009
60.946
61.7881
60.2035
59.2749
59.3176
60.8354
59.8698
60.0836
61.2711
61.6756
60.0596
59.8664
60.1843
60.9683
60.5229
60.0112
61.92
61.9226
60.2009
61.1399
61.9861
59.9472
60.7423
61.3935
61.4711
60.7344
61.6608
61.2355
61.7671
60.4403
60.454
61.2144
60.5651
60.9066
61.1506
61.7594
60.7511
61.9522
60.8964
61.8254
60.395
60.5193
60.5466
59.8121
60.9371
61.2108
60.9852
60.8797
58.3604
61.4233
60.864
61.0595
59.4716
60.4634
60.1338
60.8376
61.5987
60.8295
60.7425
60.8757
60.5891
60.2566
60.0491
58.7392
59.8116
59.7373
60.0195
60.7336
61.0018
58.7894
59.9468
59.8159
60.73
60.5283
61.0101
61.1768
60.824
