62.2939
63.3337
61.5278
60.6467
64.7164
60.8666
60.8433
62.2176
67.2481
64.7772
63.1998
65.0297
64.6425
62.2749
61.6427
62.168
62.6889
60.5052
61.9003
62.3446
65.1552
65.1713
67.5811
64.5907
67.1554
66.7189
64.4612
66.0222
64.3546
69.9986
65.0362
63.0737
63.7542
68.3886
65.5357
64.1244
66.5262
70.1514
62.7936
66.3453
69.3056
65.648
62.3355
64.2763
63.9472
67.4527
65.7716
68.4284
63.903
68.6108
64.4203
64.129
65.3774
63.1102
63.4884
67.4042
66.6261
65.2286
67.8615
64.5796
61.552
65.1961
63.7751
61.8793
64.5059
67.3853
63.3257
66.4418
66.1364
64.9634
66.2322
65.4909
65.109
63.6952
65.514
63.2803
61.9812
65.2512
66.5076
65.7614
65.3912
64.9847
65.4359
66.2605
63.428
66.4154
62.9082
69.2935
62.2474
65.6923
64.0339
64.0623
63.5074
66.5996
64.2069
68.4464
63.9898
67.7847
63.0927
63.2309
65.92
62.8712
62.9382
63.8884
67.7033
68.1295
70.7954
64.4307
63.0385
64.3087
66.0767
69.1029
64.7232
66.6634
65.9635
69.1973
63.2887
66.809
66.515
65.9325
64.7622
65.7654
64.7764
66.3468
64.3618
68.8759
65.7008
68.2276
66.3645
67.9183
65.7175
70.4487
67.1639
67.1691
66.2697
67.892
67.7558
65.6278
67.1976
69.033
68.0513
64.8054
68.2161
64.9353
65.6066
65.9454
65.3903
65.0914
68.1633
66.7697
65.7228
64.1423
66.7777
67.2788
67.9114
66.5965
67.7672
64.2887
64.325
68.6104
65.5244
69.8613
69.6008
61.9602
66.1474
66.1907
63.671
66.5386
69.5971
63.3809
67.7031
66.1514
66.4109
63.5736
66.2576
66.9904
65.6452
64.9193
68.8588
64.2111
66.7837
67.1282
68.5989
67.0712
66.9184
65.544
69.0655
64.8027
65.6453
65.1176
71.2678
64.9139
63.6495
64.9851
64.9204
68.9845
67.6091
67.1
68.22
65.2048
69.0287
69.7493
68.2249
68.3886
64.9391
65.7348
64.1645
62.9939
63.6668
69.3586
68.2338
64.2585
66.1806
65.2256
68.2031
67.1462
69.5322
67.7119
65.9419
67.0068
64.8592
65.4084
71.0316
64.9389
64.7115
65.1282
63.6352
63.4662
64.8016
68.1905
63.5971
63.6131
65.357
68.2056
64.5889
65.0453
66.4437
64.201
65.9293
64.8189
66.923
68.0542
69.1102
68.4649
65.8999
66.4091
69.5617
69.1781
67.5204
66.9222
70.0964
68.2335
67.796
64.5755
66.3043
68.8141
67.1901
67.8127
66.1169
66.1052
64.488
68.8749
64.3408
66.3762
66.9771
64.5534
68.0607
67.1807
68.1757
67.684
66.5783
68.4366
66.3012
67.399
61.9818
63.6795
67.0548
65.2404
66.9443
66.2928
67.8498
66.7567
66.9088
67.494
67.6378
67.5165
66.3206
66.5394
69.0341
67.9515
66.7683
67.8328
69.8638
66.6641
66.9492
65.7284
66.6618
69.7008
66.2577
67.7022
71.0533
67.11
68.3145
67.9428
70.3545
70.8423
67.129
67.1579
69.1307
69.3475
66.7893
70.0894
68.1746
67.8238
67.1302
71.1592
67.8577
70.4941
68.3585
70.8302
70.2596
67.2164
69.4482
67.4297
69.1925
68.7948
68.4721
69.4111
67.2612
67.033
70.3697
66.9132
68.3549
67.2498
66.5303
65.998
67.4718
68.1791
69.6436
67.9163
67.8711
68.7203
72.7275
67.4268
69.3705
68.5892
65.136
65.1911
66.8454
68.1841
70.4983
68.5729
67.5711
65.8228
69.5419
69.7666
69.8703
68.7976
71.9612
67.9786
