-179.174
-138.856
-108.868
-95.3383
-90.3171
-78.7166
-62.1579
-55.1021
-41.7265
-31.1747
-1.34973
2.09354
25.8391
50.015
54.8004
62.4138
77.3498
95.4588
122.229
145.607
138.896
147.905
126.822
144.909
136.784
143.535
142.74
151.808
147.636
145.248
138.26
145.862
129.811
130.561
143.692
146.472
132.653
147.839
148.429
159.146
157.344
184.583
187.82
174.944
186.572
190.3
196.945
206.355
204.415
202.685
217.229
205.847
198.748
202.873
207.867
212.737
204.849
194.514
198.661
200.732
203.169
198.747
211.521
203.849
209.03
199.573
199.884
193.321
218.038
197.471
215.354
