-33.1348
-3.9472
-28.0076
2.0184
76.072
27.1524
91.5112
41.0188
60.568
58.8856
82.766
108.016
125.285
132.409
170.851
194.655
188.456
193.023
160.971
211.814
219.292
216.408
191.581
205.872
213.299
240.01
199.423
224.498
218.427
224.012
232.652
198.148
203.444
235.418
228.29
223.63
217.985
211.45
213.481
237.676
261.42
245.01
306.638
240.462
261.094
247.883
267
269.648
263.797
264.659
283.52
271.743
266.689
267.105
279.2
266.838
292.102
271.812
280.075
292.556
272.649
264.479
270.292
286.87
280.015
251.175
262.719
283.317
292.864
250.271
307.878
