25.3284
24.2713
27.1224
26.1168
26.6219
27.0268
26.9245
24.8459
24.9659
26.1753
26.815
26.7532
26.193
24.9843
25.7335
25.1829
25.8347
25.1835
26.1127
26.8557
26.9602
25.4121
25.988
25.4832
25.8407
24.4438
25.8824
25.6279
26.2481
25.924
25.3534
25.5647
24.581
24.4119
24.3502
23.4169
24.0573
25.1648
24.7606
23.6661
24.5833
25.3521
25.9719
25.6467
25.0215
25.6086
24.7553
25.2875
24.4471
24.8231
25.1677
25.2741
26.1271
26.5363
25.7579
25.3556
25.704
25.1655
25.7833
25.9805
26.9977
24.9615
26.0186
25.3381
25.007
25.3426
23.9065
24.9599
26.1604
25.9494
24.4408
26.9197
25.3225
27.5061
27.121
26.998
27.0476
27.0148
26.6023
26.4295
26.3769
26.6863
26.7772
26.608
28.9252
28.4655
28.7038
28.0046
26.9063
26.526
26.7526
26.1123
26.3056
26.6389
25.4048
