32.689
31.5732
35.0699
37.2891
36.3821
32.5338
32.7236
32.5192
33.6382
31.2696
32.5806
33.5195
36.7948
31.0279
33.8792
31.6258
35.8533
32.5378
37.7601
34.3532
34.1634
34.6523
33.497
31.9994
34.1654
31.9574
31.6286
31.9487
35.3218
32.2034
31.4314
32.5984
31.6972
30.3195
30.8884
30.6396
28.2874
32.9684
30.6671
33.356
28.5802
31.2307
33.0237
31.6316
30.3468
31.7153
29.9917
33.2482
33.2071
31.301
32.3653
32.2724
32.0432
34.6062
34.8625
29.4648
32.0398
33.4434
32.7396
31.0631
34.3518
31.0191
32.4882
33.0432
31.4362
31.4428
30.0614
34.6768
32.847
36.325
31.6406
36.2482
32.6594
36.548
34.6096
34.287
35.3943
35.8181
35.5281
32.4625
32.8737
32.0684
31.3772
31.169
39.2658
35.4348
32.6041
34.9622
33.8593
37.87
35.4603
32.3761
31.39
31.9017
34.683
