44.6762
45.1121
46.0348
44.8704
44.2525
45.3164
45.6338
45.418
45.7005
44.922
44.2182
45.937
46.1289
46.3006
45.8351
45.6541
45.2417
45.1544
45.1665
45.197
45.0038
43.7479
44.056
43.7583
45.1497
45.1346
45.4539
43.837
44.9589
43.1499
43.2267
45.2217
43.7243
45.4185
45.7998
46.7357
45.5144
44.6511
44.3689
43.5663
44.6592
43.7756
44.1805
43.587
43.5411
44.6631
45.7235
46.9899
45.7859
45.0264
44.5048
45.7905
45.3159
44.2321
45.3479
44.5375
44.9368
45.4331
45.4478
45.2375
44.4693
45.0091
46.1054
46.0434
46.9883
47.4312
46.4601
46.8159
46.5274
45.4844
45.1998
44.5604
44.381
43.8579
45.0271
45.0595
47.2142
46.6954
45.8493
45.7538
47.5301
47.5036
47.1451
46.8439
47.1461
46.4653
46.6104
46.3313
46.6107
46.0473
45.9182
44.4205
45.2994
45.8184
44.9776
44.6922
45.6903
47.0865
46.3873
46.4833
45.266
46.7332
46.1804
47.351
46.8729
45.9002
47.3067
47.2948
44.84
45.467
47.8191
47.1279
