51.1376
50.1679
55.7087
52.5834
52.259
51.6988
60.206
54.3129
54.8184
50.5982
54.3188
51.3972
51.1876
54.3662
54.418
52.84
55.8348
51.9706
52.9397
53.1824
53.1493
51.3562
51.2964
55.1977
53.8799
54.0133
55.3088
52.8887
52.9092
50.8806
49.7134
52.5624
54.0829
55.2968
53.5368
55.6259
55.1818
50.7811
51.2818
50.7305
51.3454
49.644
54.8444
50.625
55.0466
54.9282
54.2981
55.23
52.0467
53.1765
52.3698
52.8195
53.024
52.7731
51.2667
52.6934
55.0682
52.655
54.1583
54.653
52.2148
54.856
57.08
56.6626
55.6042
55.7476
57.7052
58.377
57.0895
53.2085
50.4808
52.7484
53.7651
50.029
53.2278
56.593
58.1525
54.3225
54.272
52.0618
54.1095
57.8354
53.3749
53.1337
54.6882
55.9546
57.1657
53.1141
55.2764
53.6495
52.1912
53.8712
51.0568
51.815
50.297
52.1695
55.8669
53.6049
53.8569
54.3462
53.605
53.6293
55.198
55.9668
52.2237
55.8198
58.0024
54.183
54.22
54.3756
57.4134
55.5824
