46.4404
46.8404
47.1017
45.8
46.0595
47.5425
46.6172
48.285
47.8892
48.4042
47.4053
47.6276
46.6469
47.346
47.1501
45.9381
46.4878
48.1762
47.0751
47.4243
45.3162
47.6408
46.6422
45.7075
47.2637
47.4881
47.2405
49.8359
47.1784
48.605
48.4385
47.98
46.5902
47.6875
48.0207
47.7223
46.9005
49.5148
46.7341
48.1992
47.86
49.4029
48.3425
48.0287
47.8296
48.7071
48.5111
48.3456
48.3918
47.4437
48.3756
48.5852
46.8564
48.0052
48.4921
48.3954
50.3589
49.9779
48.0331
49.5626
49.6198
50.011
49.0547
48.0973
49.595
49.5169
50.0883
50.1343
50.5654
49.6848
50.5299
48.2088
47.5939
47.8857
47.3217
47.2319
47.407
48.9686
49.3117
49.1843
50.8717
49.1026
49.6947
48.9869
48.8446
49.8295
48.9226
49.0114
49.38
47.6828
48.7907
48.3988
48.7201
49.6331
48.0986
48.9169
48.7379
48.8058
48.4163
50.0583
49.983
49.9183
50.1446
49.7145
50.0883
50.014
50.3633
50.132
49.6755
49.179
48.4234
48.0028
47.9581
48.9807
48.9648
49.3455
50.2086
48.4729
47.7367
50.2734
49.4122
50.0089
48.7907
48.8307
49.4418
49.1228
49.4308
50.0161
51.2145
51.4041
49.4462
48.6
50.9731
50.614
49.8829
49.3476
48.342
50.2124
50.2758
52.5238
51.8754
49.9386
51.478
52.3791
52.0146
51.4126
50.857
49.0273
49.3387
50.0445
51.2638
52.5827
51.9576
52.2669
51.6063
51.8316
50.3465
51.1501
52.3485
51.9372
51.866
51.3929
52.4942
52.3572
51.1906
50.8044
50.8542
51.2454
50.1281
51.0305
52.1381
51.7179
50.7774
52.1801
50.8745
49.8715
51.0026
49.6577
50.8501
49.3481
50.4369
49.4125
51.1732
50.337
50.0205
51.2078
51.1656
50.6477
51.0654
50.1198
51.7881
50.4709
52.1374
52.1323
53.1485
53.5765
53.0569
53.1251
51.888
52.4647
52.183
53.6707
52.1782
