59.7501
50.5208
54.0608
54.3499
52.5257
56.8812
54.0247
58.4054
53.9796
56.4485
54.2341
53.2756
55.1799
55.981
56.6079
57.7542
55.2251
54.7273
56.224
53.3094
58.6331
57.7441
55.5101
52.1701
53.8725
54.4472
53.1972
61.68
57.4622
58.9433
58.3444
57.9383
57.4707
53.1243
60.088
56.5775
54.5608
57.5364
55.9212
55.3281
57.775
57.0866
56.9999
58.2212
57.0279
53.0502
53.9544
55.5215
55.5684
56.26
56.0823
55.9411
60.4964
56.2211
59.9868
56.5044
56.3758
60.8201
53.836
56.4675
58.4974
57.2924
55.4884
54.271
55.6838
58.8286
60.2622
56.2667
59.1056
55.8146
57.0956
54.5392
57.8579
55.4225
56.9447
58.4401
58.5415
58.4742
56.8946
57.2966
57.574
57.5509
57.1468
58.4695
53.6116
56.8767
55.9593
56.2628
55.4374
53.5267
56.8968
55.6322
58.2881
57.546
58.399
55.1446
57.6536
57.2141
56.401
55.9747
56.2152
55.0771
56.2791
57.6668
54.8404
60.3376
57.7354
61.4704
56.3538
56.3937
58.6104
56.2876
53.8241
58.5831
55.4831
55.5808
57.5308
55.88
54.3989
58.5443
54.8866
56.8801
56.9594
56.5738
56.8508
55.8467
60.8943
59.14
61.1568
61.274
58.0225
56.2697
58.1276
60.3097
56.1474
55.478
56.3619
60.39
58.2813
61.3882
58.567
65.6709
59.2517
63.6203
59.3059
59.3546
59.5761
55.4814
56.5656
55.7307
58.5642
60.318
58.0578
57.6296
58.4288
61.4822
57.4324
57.4955
59.8492
60.6135
63.2564
60.097
59.8765
60.3394
57.2608
58.9694
56.2548
58.7222
58.0652
60.307
57.593
59.4955
58.5836
61.0138
59.1445
55.5974
59.0377
59.7782
59.2973
56.156
61.599
59.5927
58.2841
56.4324
58.8213
56.2174
59.9832
62.7917
60.2192
60.0127
57.6404
57.1833
60.8555
58.1175
60.0776
62.5324
57.7765
60.8609
59.4651
60.3082
57.3403
62.1078
60.4268
