3.93612
7.93371
9.64381
11.157
10.3377
11.2171
11.0568
12.6261
12.45
13.2213
12.6857
13.5209
14.755
14.3875
13.2778
13.9962
14.882
14.7588
14.4401
15.7264
15.9187
16.1094
17.1227
17.6811
17.7862
17.8445
16.4251
16.607
15.1375
15.3351
17.1504
17.6738
18.1928
16.7835
16.7768
17.8121
18.6566
18.593
19.7816
19.5457
20.2779
19.7749
19.9735
20.2447
19.902
20.1786
21.0462
19.3024
20.4699
19.7207
20.8177
19.366
19.7987
18.3807
18.9423
19.2957
18.1581
19.1637
20.4311
19.7648
20.8351
23.5682
23.3938
23.2428
23.4008
23.741
23.1299
22.9362
23.6798
24.3461
22.502
22.6036
23.9765
23.4498
24.6376
24.0986
23.5808
23.2376
22.7162
24.6345
24.1885
24.0424
25.6375
25.2395
25.8953
25.0544
24.4918
24.729
23.7721
23.4419
24.1275
23.6687
24.2816
24.5871
25.0722
23.8775
24.3842
25.05
26.3732
25.409
27.5354
27.5558
27.2691
27.2737
27.6601
27.7456
27.8332
28.3704
28.6332
28.9626
29.0518
28.9326
29.0127
29.3908
27.792
28.8266
29.5624
30.3615
29.901
29.8805
30.2985
30.4442
29.5968
31.0121
29.514
29.4999
29.5147
29.9748
30.002
30.1985
28.784
30.3018
29.75
30.0545
29.0361
30.4013
28.7559
28.8477
29.5666
29.4908
31.0894
28.0927
27.5398
28.4862
28.7379
30.3499
29.3238
29.5064
31.756
32.5191
33.101
30.5552
32.0008
32.8809
32.3119
30.8266
32.5293
32.5609
32.0961
31.2339
31.159
30.8671
30.0607
31.3704
31.6325
30.3195
30.6984
32.4779
31.1899
31.534
30.683
29.9228
28.9907
29.735
29.2745
30.6458
31.3068
28.7149
29.0373
30.2068
30.8278
31.5539
28.8647
31.6349
29.9202
31.3887
31.7057
32.8571
30.9998
31.4442
30.4727
32.046
32.138
32.2514
31.9492
32.4187
32.3726
31.7514
31.2292
33.316
32.7913
34.9114
33.0833
32.6886
34.756
34.4585
32.5351
33.7472
34.0281
34.898
34.0532
34.8781
34.0684
33.3805
35.0774
34.5741
36.0919
34.5402
33.9689
34.9187
33.0472
33.7306
34.9145
34.6791
34.5102
33.6698
34.8331
35.2463
33.6213
34.5076
33.8659
32.6811
33.244
34.1278
34.9135
33.3475
33.5316
32.9405
33.5479
32.7482
31.9355
34.345
32.9498
32.9158
33.2846
33.8855
34.7009
34.0432
33.2966
33.9618
34.7087
33.8539
33.8561
35.1931
34.1408
35.4032
34.1475
34.7388
34.5006
36.6289
35.1748
36.4891
36.6611
36.3159
36.3906
35.3194
36.1347
36.0291
36.1371
35.6432
34.8986
33.6623
34.6604
36.38
35.7565
35.6524
34.9465
36.0402
34.658
35.0713
34.3157
35.0578
34.5676
35.4357
34.3648
35.9013
35.0313
33.9021
34.4549
35.2369
35.5425
33.8632
34.1663
33.9851
33.7478
33.5041
33.6218
34.8303
34.1542
33.8515
33.3123
34.1996
34.1399
34.9502
32.6681
33.7008
34.198
34.4662
34.8996
34.2442
34.711
34.8464
35.0763
36.0699
36.906
36.4865
36.6544
35.2774
35.1802
35.6589
36.1247
35.6567
36.556
37.5762
36.6226
34.5004
35.6123
34.4916
35.5878
36.9465
36.8254
36.4139
36.7686
35.1807
36.1681
37.4281
37.0573
38.0228
37.3688
36.8065
35.5495
37.1841
36.7537
37.1568
38.1857
37.64
36.7328
38.1477
36.7322
36.4394
38.0958
37.0189
38.3494
36.9179
37.8509
37.2892
36.6743
36.0981
37.741
37.8828
37.7909
37.4753
38.6446
36.7035
37.4943
38.4742
38.5365
38.4439
39.0492
38.7724
39.4313
36.8462
36.5939
37.978
38.0089
37.2206
37.4867
37.291
38.0487
38.9868
39.1045
39.0227
38.6517
38.2605
38.9146
39.0407
38.333
39.5118
38.9633
37.9504
39.5
39.1374
38.4405
38.4446
41.642
39.5169
40.0407
40.0843
41.166
41.3401
40.2805
40.4644
41.0416
40.0632
42.1023
40.7932
41.3627
41.2654
40.9663
41.2865
40.1503
39.9733
39.9495
39.7124
40.7067
40.607
39.9717
40.1817
40.2817
40.4872
40.5132
39.6327
38.2751
39.8722
40.1335
39.1458
39.1941
40.5202
39.7422
38.7566
39.1799
41.0461
39.7144
38.8391
38.6116
39.4334
40.1276
39.4456
38.7101
37.515
38.7662
38.3991
39.0723
38.9033
38.7896
37.6073
40.5375
39.1397
39.2015
39.2386
39.4885
39.3918
40.2101
39.4873
40.8712
40.5702
41.7979
41.104
41.6013
40.3591
39.5737
41.1766
39.4564
39.5379
41.039
40.4145
39.3561
39.7949
40.3631
39.7162
41.4765
41.0332
42.2319
42.2829
42.1141
40.7321
42.4883
41.0071
41.1947
41.2699
41.5496
41.6722
41.8058
42.8843
42.0606
42.311
43.3821
42.3909
43.3832
41.4237
42.4419
43.4386
41.9299
43.219
44.3176
42.2316
43.2822
42.0399
43.5593
42.4746
41.741
42.3736
43.6957
42.6673
42.664
42.5582
43.0206
42.8595
41.0357
42.1191
42.3624
41.4929
42.0959
41.6314
43.551
41.2318
41.4902
42.7114
40.9684
41.7013
42.2583
41.8315
41.3201
41.7717
41.4132
42.7313
41.6161
42.9902
42.108
42.2706
42.2933
42.2775
43.2316
43.0634
43.8077
43.0623
43.8231
43.768
43.1454
43.2328
43.7464
43.95
42.9456
43.2929
43.2761
42.612
42.112
42.0343
42.412
43.3145
43.0739
42.9021
43.0446
43.3114
42.5835
42.8772
42.3988
45.1559
42.7054
43.8796
44.114
41.8945
42.9275
43.77
43.6415
42.8679
43.2273
