14.8411
14.8146
17.0379
20.3185
23.3585
21.1839
23.1093
24.7306
26.3226
29.5761
24.9824
26.2662
30.1386
29.7544
27.7788
29.4255
29.1122
30.4351
30.8032
30.0361
29.224
29.2876
30.307
28.4299
28.712
30.0302
28.6921
30.7999
29.7042
30.7284
28.5372
29.5912
28.6938
33.038
28.7895
29.7997
28.4444
27.55
28.4542
30.5214
28.2338
29.8236
30.6962
29.8578
31.9772
30.8549
31.2128
32.4052
32.579
31.6951
29.0253
33.5059
31.9225
30.692
27.4119
28.8378
29.2446
28.615
26.7723
28.9704
30.3825
30.2087
34.0378
32.8208
35.8769
31.1735
32.3847
29.8553
29.2674
30.2647
31.5034
31.7929
36.2654
30.8424
29.6482
34.5895
30.3526
32.5253
30.1064
32.8785
33.1428
32.0483
32.726
28.812
35.9434
32.3952
30.4452
29.5955
33.1671
31.6532
28.2754
30.2099
32.6054
32.7656
31.772
29.7093
30.4374
30.941
30.66
31.8828
30.107
32.7321
30.7634
30.6784
34.7654
31.8563
30.1605
33.1436
34.7063
30.5198
29.8551
31.5886
29.9702
30.5736
34.6144
32.8969
34.2478
31.4351
34.2867
33.3676
34.7779
31.6414
31.1676
34.0241
33.9968
37.1416
33.5056
34.2858
34.8132
34.479
34.7176
33.722
38.1032
36.7996
35.0716
36.1488
34.3313
37.0667
35.5711
33.2367
35.0427
36.066
34.5082
39.1231
34.7439
36.0763
33.5878
34.4662
34.883
35.0473
34.7129
32.8888
35.0379
36.0321
34.0742
33.7894
32.5472
34.4985
34.2495
33.9859
35.82
33.5196
32.3148
33.7342
37.9532
32.8783
33.189
32.561
33.8947
36.0664
35.3869
33.2852
34.044
35.1232
35.0504
33.8152
36.3911
35.8996
34.1948
37.1474
35.1162
38.8142
34.2146
32.9931
35.4898
35.3228
35.032
36.3068
32.5172
34.6077
34.8975
36.559
34.4112
34.7506
36.474
34.305
36.615
38.888
35.0327
36.8462
33.9128
37.0186
35.8786
36.5036
34.4704
35.4811
34.9392
38.9788
35.7856
35.0558
34.2512
36.3627
32.5111
32.7015
33.9981
34.7903
36.7855
33.901
34.6263
34.0923
34.7613
36.8858
36.6469
34.9808
35.1954
35.8854
37.5608
33.7341
36.179
34.6224
39.8268
36.4266
37.128
34.2314
36.2598
37.0288
34.6641
34.1772
36.2332
35.2929
33.7695
34.8926
34.6897
38.1244
39.0432
39.2911
36.5411
34.8308
35.3491
35.4208
38.7926
35.8404
37.0786
34.9112
35.4831
38.0899
38.774
36.51
38.9869
35.9845
38.5527
34.9794
35.4284
35.2438
37.1509
37.4754
38.3265
36.2576
35.0897
41.5784
36.9096
34.2196
36.1594
35.3776
35.6569
37.148
36.0364
33.6103
34.4578
36.3739
36.7846
34.9607
37.3174
37.9274
38.08
36.0261
37.3413
35.7842
36.6238
36.1821
38.8861
37.2833
36.316
36.6076
39.7457
38.2728
37.1605
36.6684
36.3858
36.0846
35.9814
39.7062
37.1196
35.7681
37.0342
38.7003
39.4927
36.4577
36.5761
38.2913
39.4734
36.4072
39.3549
38.0112
38.2814
36.6418
36.673
34.2079
41.6286
37.9779
36.6211
39.0218
37.5718
36.54
38.431
36.6135
34.5092
38.9481
37.0197
36.0974
41.556
41.4074
38.1922
39.0792
37.9939
38.012
37.7416
37.0072
35.5048
38.4646
38.3245
35.5675
37.47
40.423
38.6259
35.6036
36.456
38.3284
39.1896
39.7553
39.9342
36.4223
35.1594
37.9632
38.7566
34.9657
37.2163
39.107
37.631
39.5091
36.6613
40.7116
39.4165
37.2599
39.5676
37.1414
34.7847
36.9846
37.4315
40.2159
38.0028
39.1287
35.8317
41.2417
37.3766
43.0202
38.5832
38.5629
40.4722
36.6338
35.9385
36.804
38.5652
37.6737
37.5554
39.5404
39.2857
42.2839
40.8559
37.1208
38.042
36.6666
35.8635
39.1678
35.1699
34.4159
37.4206
35.9409
36.4271
37.081
38.0296
37.1474
36.3677
39.1968
37.4439
37.876
37.3393
38.0879
34.9948
37.5121
35.4226
36.3558
36.3182
36.6088
39.344
40.2916
36.4595
37.7829
38.4662
38.2105
38.3527
37.4965
39.2134
37.7237
38.3203
37.5931
37.7874
38.2692
37.5246
40.1
43.0464
37.5642
39.8352
38.4555
36.6651
36.1493
36.8481
39.9093
35.914
40.4244
39.0784
38.558
36.6052
39.161
40.5491
36.1123
38.4875
36.5704
35.5016
36.6466
36.1126
41.1002
36.3731
35.5226
35.1842
38.3232
37.4093
37.1842
38.9497
37.4121
37.8194
41.8221
35.771
40.6996
38.7535
36.4732
39.7886
40.7518
38.913
39.1519
36.3197
36.0212
39.4939
40.5273
37.2762
39.7903
38.5855
40.0006
37.822
36.0304
37.8578
35.7578
38.376
36.4664
36.5019
35.5311
38.095
36.528
36.0978
37.9223
36.0969
35.145
36.8122
41.2972
37.6818
39.1967
36.0587
39.291
41.6092
37.2088
36.0654
37.816
39.7475
36.8642
36.4266
36.8556
36.2193
38.5306
37.9985
37.2418
38.5525
36.1839
38.1006
36.709
39.0805
37.1748
37.6425
35.5677
35.2415
37.5044
39.94
36.0934
37.2522
38.7755
39.9108
37.4847
