7.26536
9.21877
9.52548
10.5148
9.49877
12.5097
11.1758
11.6904
13.3453
12.065
14.3606
15.1911
15.822
16.1598
17.0397
17.8315
19.0137
18.4023
19.7535
19.1205
19.7664
19.0193
19.3777
20.085
19.2845
18.7239
19.5508
19.4716
18.6777
18.5056
19.7449
19.4635
19.4704
19.0203
21.3102
21.0106
21.111
21.2191
21.8332
23.3631
21.3724
20.9698
22.2883
21.3882
22.4608
21.9486
23.1249
21.4785
22.7212
21.7521
22.3489
21.8852
22.8533
24.3648
23.5445
23.9446
24.8031
23.237
22.3248
22.4872
22.9494
23.138
23.5585
24.919
23.9263
23.5937
22.5354
22.5678
23.485
22.853
22.5938
24.6182
24.5095
25.2752
24.8065
25.8776
23.39
23.7275
24.1858
24.6338
25.2309
25.665
25.7133
25.8353
26.0535
26.7453
24.9196
26.342
27.6807
25.7166
26.5991
25.3386
26.8559
27.4645
26.0902
25.6621
26.6839
25.0505
26.1336
26.4226
26.6213
26.6349
26.8369
27.0707
28.4484
27.5633
26.4861
26.9887
28.8219
28.2713
27.6948
27.6368
28.6789
27.7634
28.5744
28.1169
27.4869
27.8853
28.0173
27.6985
28.2115
28.1364
28.8416
29.9921
28.9743
30.4012
29.4748
28.9681
28.0818
29.2213
28.7899
28.9001
28.8579
28.9831
29.3116
29.5024
29.8362
30.798
30.8732
29.8241
30.9407
29.8985
30.4079
30.6638
29.9621
30.6882
30.992
30.317
31.9139
31.8854
31.6945
31.759
30.3479
31.4115
31.7873
31.6014
31.6536
30.2968
31.4553
30.8999
30.8044
31.2959
30.6187
31.3117
31.0898
32.46
31.7246
33.4677
32.4023
32.1906
31.0913
30.842
32.0184
31.0053
32.1171
31.4839
31.093
32.1053
31.5679
34.4507
33.0542
34.0548
34.7822
33.5251
32.4105
32.8703
34.0682
33.6923
33.933
33.6525
32.7642
32.9373
32.407
32.8353
34.5292
34.9691
34.2319
34.478
32.9971
34.5774
35.6452
33.3448
32.7137
33.526
32.4604
32.7727
33.5527
34.6851
35.2802
34.9686
33.5713
34.4727
34.4434
32.8093
34.5361
33.2236
33.7794
34.4693
33.8511
33.9429
34.8782
34.8802
35.4307
35.7209
34.7233
35.167
34.2915
33.8364
34.1487
34.6538
34.0317
34.1687
35.349
34.4151
35.0438
35.3044
34.652
36.8034
34.4123
35.1486
34.6708
35.1777
35.0285
35.7575
34.8994
34.9803
35.43
34.9957
35.1638
34.7698
36.0963
35.8623
36.8253
36.0851
36.4024
36.0545
36.0081
35.0851
36.1094
35.3819
37.6771
37.838
35.6196
36.9827
37.455
35.3839
37.7755
37.6038
36.2162
37.5961
36.7616
37.2766
36.6979
35.9832
36.4961
36.0116
36.2417
36.0664
36.689
36.6402
35.3866
35.5038
35.0792
34.9051
34.356
36.4638
35.1538
36.8133
35.9103
35.4449
36.3532
35.1768
36.7315
36.7796
35.9259
35.2405
34.84
34.2868
34.8174
35.1233
34.6283
35.3508
34.4239
35.4259
35.8714
35.5488
37.1866
35.4861
34.6235
35.8426
35.4096
35.4336
35.0154
33.7403
34.9165
36.1854
35.6675
37.4907
37.2464
35.3646
35.6286
37.1185
38.9277
37.8872
36.446
35.7428
37.2476
38.0183
36.8531
35.7688
38.6736
38.2332
38.1688
37.0794
36.8573
37.02
37.5329
38.0408
38.6535
38.6583
38.9905
38.8108
39.8028
39.9706
41.5132
41.9601
41.8663
41.4211
40.0165
41.5267
40.0266
40.3941
41.8563
41.3459
39.8246
42.1429
39.9367
41.6205
41.0841
40.1809
39.5995
39.6699
40.2553
40.6095
41.217
40.5587
40.5448
40.8885
42.0777
41.33
39.8223
41.3914
40.3971
40.9548
40.5394
38.9448
41.1248
40.2063
39.9844
40.7506
39.8348
39.7115
39.6088
39.1722
39.2517
39.8541
40.6587
40.4763
39.1298
40.2177
40.52
39.5267
41.0156
39.9869
38.6822
40.151
39.9934
40.7414
40.1344
42.3074
39.7518
40.8987
41.8982
40.2079
41.6435
40.2858
41.3268
40.9198
41.149
43.1307
42.8519
42.609
44.3598
44.8331
44.9478
43.721
45.3039
44.4053
44.7487
44.7678
41.2971
44.2783
42.6919
43.5521
43.3544
43.4258
45.4867
42.7236
44.5811
44.6324
45.6748
44.3944
45.8066
43.464
45.2145
45.7357
44.8304
45.3093
45.7014
44.5502
45.5727
46.9231
46.8227
46.4464
45.7188
45.878
46.6264
44.2689
43.9484
43.8985
44.6762
45.1121
46.0348
44.8704
44.2525
45.3164
45.6338
45.418
45.7005
44.922
44.2182
45.937
46.1289
46.3006
45.8351
45.6541
45.2417
45.1544
45.1665
45.197
45.0038
43.7479
44.056
43.7583
45.1497
45.1346
45.4539
43.837
44.9589
43.1499
43.2267
45.2217
43.7243
45.4185
45.7998
46.7357
45.5144
44.6511
44.3689
43.5663
44.6592
43.7756
44.1805
43.587
43.5411
44.6631
45.7235
46.9899
45.7859
45.0264
44.5048
45.7905
45.3159
44.2321
45.3479
44.5375
44.9368
45.4331
45.4478
45.2375
44.4693
45.0091
46.1054
46.0434
46.9883
47.4312
46.4601
46.8159
46.5274
45.4844
45.1998
44.5604
44.381
43.8579
45.0271
45.0595
47.2142
46.6954
45.8493
45.7538
47.5301
47.5036
47.1451
46.8439
47.1461
46.4653
46.6104
46.3313
46.6107
46.0473
45.9182
44.4205
45.2994
45.8184
44.9776
44.6922
45.6903
47.0865
46.3873
46.4833
45.266
46.7332
46.1804
47.351
46.8729
45.9002
47.3067
47.2948
44.84
45.467
47.2749
46.2815
46.5779
45.237
45.0102
45.9586
45.5468
46.6449
48.4865
47.7081
47.4484
48.3084
44.9822
45.6987
47.1896
46.2369
46.7287
45.2844
46.2943
46.3096
45.215
46.9244
46.2588
45.8817
47.0528
46.5849
47.4893
46.5763
44.8527
47.7918
48.3306
48.8802
46.5968
48.1476
47.9974
48.6488
49.9084
47.1686
48.7471
48.1148
49.6618
50.1181
47.1248
46.808
49.133
46.6075
47.9805
47.6556
46.5763
47.7004
49.0521
47.9152
48.2753
47.7458
47.9182
49.1406
49.2903
48.6427
47.3064
48.0406
46.4404
46.8404
47.1017
45.8
46.0595
47.5425
46.6172
48.285
47.8892
48.4042
47.4053
47.6276
46.6469
47.346
47.1501
45.9381
46.4878
48.1762
47.0751
47.4243
45.3162
47.6408
46.6422
45.7075
47.2637
47.4881
47.2405
49.8359
47.1784
48.605
48.4385
47.98
46.5902
47.6875
48.0207
47.7223
46.9005
49.5148
46.7341
48.1992
47.86
49.4029
48.3425
48.0287
47.8296
48.7071
48.5111
48.3456
48.3918
47.4437
48.3756
48.5852
46.8564
48.0052
48.4921
48.3954
50.3589
49.9779
48.0331
49.5626
49.6198
50.011
49.0547
48.0973
49.595
49.5169
50.0883
50.1343
50.5654
49.6848
50.5299
48.2088
47.5939
47.8857
47.3217
47.2319
47.407
48.9686
49.3117
49.1843
50.8717
49.1026
49.6947
48.9869
48.8446
49.8295
48.9226
49.0114
49.38
47.6828
48.7907
48.3988
48.7201
49.6331
48.0986
48.9169
48.7379
48.8058
48.4163
50.0583
49.983
49.9183
50.1446
49.7145
50.0883
50.014
50.3633
50.132
49.6755
49.179
48.4234
48.0028
47.9581
48.9807
48.9648
49.3455
50.2086
48.4729
47.7367
50.2734
49.4122
50.0089
48.7907
48.8307
49.4418
49.1228
49.4308
50.0161
51.2145
51.4041
49.4462
48.6
50.9731
50.614
49.8829
49.3476
48.342
50.2124
50.2758
52.5238
51.8754
49.9386
51.478
52.3791
52.0146
51.4126
50.857
49.0273
49.3387
50.0445
51.2638
52.5827
51.9576
52.2669
51.6063
51.8316
50.3465
51.1501
52.3485
51.9372
51.866
51.3929
52.4942
52.3572
51.1906
50.8044
50.8542
51.2454
50.1281
51.0305
52.1381
51.7179
50.7774
52.1801
50.8745
49.8715
51.0026
49.6577
50.8501
49.3481
50.4369
49.4125
51.1732
50.337
50.0205
51.2078
51.1656
50.6477
51.0654
50.1198
51.7881
50.4709
52.1374
52.1323
53.1485
53.5765
53.0569
53.1251
51.888
52.4647
52.1184
52.223
51.9142
52.0227
52.3903
52.2358
52.7805
52.8889
52.6815
53.0204
53.0201
53.1474
53.6917
52.2437
52.6615
53.4634
53.626
53.6763
54.9931
54.9931
55.0797
54.8699
53.2591
54.5728
55.1299
54.3863
53.8211
54.5612
55.5631
54.6486
56.1749
54.7231
54.0135
54.0399
55.3233
54.1476
55.6205
54.6694
54.6782
54.0152
55.1521
55.6151
56.4381
55.824
57.4353
56.4604
57.0409
55.9404
56.3639
57.3322
57.9333
57.679
57.605
57.51
57.087
56.2614
57.3042
59.1305
56.7482
57.2486
57.0223
58.2319
57.3632
57.5577
57.1575
58.8953
57.9983
57.0198
57.3778
57.2035
58.2959
56.5686
56.3438
54.8322
56.4509
55.6624
54.6689
56.5196
56.9418
56.3745
55.8568
55.6511
55.5406
55.8982
56.9586
57.6683
57.8974
57.7561
57.9207
57.95
58.2967
57.594
57.4345
56.9601
57.5092
56.9027
55.7451
58.0605
58.0057
57.6436
56.6771
56.5832
57.4997
57.8044
56.7926
58.9226
55.7372
56.2143
57.5355
58.5099
56.1892
55.7441
58.0168
56.7113
55.0186
58.7872
56.7048
58.1664
57.2917
56.7294
56.9623
57.4151
57.0755
57.9093
56.6421
58.3215
58.6504
56.7441
57.0605
56.0997
57.386
56.2012
55.3028
58.1337
58.2759
59.436
58.0794
59.0706
58.0353
57.9659
58.6939
57.9104
58.3709
58.2034
58.4656
58.0373
57.8994
59.0067
58.4461
58.1739
59.7467
58.9551
59.5017
59.2303
59.3644
60.4871
60.4381
59.6074
57.0376
59.5827
60.8783
59.6736
59.6909
58.6167
58.4433
58.2942
58.036
58.9426
58.1511
59.2515
59.1598
58.7575
59.4164
60.4902
59.2702
58.9751
59.6401
58.6235
58.0041
58.4534
57.6484
58.8622
58.181
57.64
58.402
58.9497
58.7722
58.415
59.1165
58.6742
58.7554
60.2111
59.646
57.1674
58.8948
58.2524
58.8606
58.8128
59.4384
58.5463
59.466
58.5239
59.6958
59.4111
59.842
57.9343
58.3707
56.7352
59.7336
59.986
58.364
59.0643
57.8471
58.4831
56.1634
58.688
58.1162
58.6502
59.6801
59.1492
58.1166
58.5892
58.3448
57.535
56.9147
57.9438
57.5586
56.6688
57.6944
58.1858
59.0804
57.2513
57.5806
57.457
59.7889
58.7552
59.7418
59.0518
57.9919
58.9249
58.2602
58.5392
58.5413
58.5764
56.9648
57.5116
56.2756
56.2958
56.2545
56.3936
57.3838
56.7242
58.4725
58.4936
58.2118
57.3678
57.4649
58.0146
58.9809
57.8328
59.5067
59.3388
59.5884
58.5262
59.0779
59.5501
59.1262
60.1318
58.2687
60.1049
59.0472
59.5334
58.4582
59.6388
58.5048
59.8061
60.5165
59.6515
59.2439
60.1781
58.1376
58.3184
59.1725
59.0527
59.5784
58.5511
58.9877
60.9981
59.1158
60.8662
60.0677
58.1746
59.4342
58.722
56.5603
57.4846
58.5253
58.4994
60.2713
59.2922
60.2778
58.3867
60.009
60.946
61.7881
60.2035
59.2749
59.3176
60.8354
59.8698
60.0836
61.2711
61.6756
60.0596
59.8664
60.1843
60.9683
60.5229
60.0112
61.92
61.9226
60.2009
61.1399
61.9861
59.9472
60.7423
61.3935
61.4711
60.7344
61.6608
61.2355
61.7671
60.4403
60.454
61.2144
60.5651
60.9066
61.1506
61.7594
60.7511
61.9522
60.8964
61.8254
60.395
60.5193
60.5466
59.8121
60.9371
61.2108
60.9852
60.8797
58.3604
61.4233
60.864
61.0595
59.4716
60.4634
60.1338
60.8376
61.5987
60.8295
60.7425
60.8757
60.5891
60.2566
60.0491
58.7392
59.8116
59.7373
60.0195
60.7336
61.0018
58.7894
59.9468
59.8159
61.1042
62.1086
60.6672
60.2718
59.5763
60.4048
60.0668
61.9404
61.6558
61.0569
61.5264
61.5344
60.7405
60.6835
60.155
60.7684
58.5215
60.0782
59.6979
58.3108
60.8258
59.6758
61.3291
59.3785
60.7719
59.3576
59.888
61.7392
61.9345
62.2078
61.8833
61.2006
60.0876
59.5364
60.2431
61.4823
60.2007
60.1752
60.1784
61.0376
59.5105
59.4935
60.0276
60.2577
59.3087
60.087
59.0486
59.7189
60.305
60.5348
59.3972
60.878
60.0641
60.1973
60.4746
60.3974
57.8057
60.7666
59.3403
59.0405
59.9848
58.7964
59.5798
61.2336
59.7692
60.2458
60.7503
59.5964
59.5824
58.4805
58.1134
59.4229
60.1202
59.4902
58.2011
58.7496
60.3677
60.0092
59.844
59.6438
59.454
58.7654
59.9931
58.961
59.5352
58.3512
58.8357
59.2585
60.0811
59.9576
60.0231
60.2727
58.1442
60.8207
59.4767
59.7404
59.7969
59.8429
59.9943
61.8292
59.7264
59.9863
59.7664
59.5059
59.4237
59.3089
60.3351
60.1742
58.797
60.7926
60.228
60.9758
59.1058
59.3691
58.9906
59.1715
60.4088
60.0485
60.957
60.4056
60.1158
60.7376
59.3222
59.9006
60.2568
60.2756
59.7506
60.7609
61.1766
59.4102
61.6159
60.0128
59.8316
60.7029
60.1955
60.9356
60.11
60.1283
58.9353
59.8161
59.0888
59.6691
60.6128
59.9284
61.546
60.5044
59.4381
58.1947
60.4398
59.5123
58.8686
59.8064
60.1837
59.6412
59.0005
59.772
59.5506
58.7814
58.8254
58.6129
58.1101
58.383
59.4242
58.883
59.1528
59.8923
59.1779
59.4262
60.1718
59.1289
59.2426
59.3875
60.1398
59.4636
59.6368
58.8654
57.7909
58.6509
59.2416
58.4829
58.4534
59.7249
58.6502
58.8556
59.2371
58.5504
58.8186
57.5231
60.3077
60.1283
59.1519
60.064
59.0305
59.8069
58.0985
57.4734
59.1143
59.3434
59.4806
59.3094
60.1879
60.2309
60.2873
59.3942
59.333
60.4001
59.623
59.2567
58.278
60.1478
59.0597
59.701
57.8368
58.7184
58.3305
58.5275
58.7384
59.0034
58.6454
58.6879
59.1645
59.3253
59.094
58.2494
58.7272
58.7817
57.4367
59.1788
58.4154
59.948
59.4297
58.6817
57.5568
58.5771
59.7734
59.4326
58.6847
58.7274
59.131
59.608
59.4507
58.786
58.2749
57.1932
57.8916
58.9719
58.4663
58.884
58.4331
60.2673
59.7087
57.9891
59.69
59.1961
59.5296
