14.4806
15.781
15.7042
19.187
16.6638
18.1541
17.9627
17.4524
21.9859
20.5849
24.0963
22.7295
24.6262
23.1144
22.6377
25.6624
30.3432
25.6331
29.3116
24.9052
28.0338
26.4201
29.636
28.3322
25.633
28.5598
27.0233
26.771
29.7002
24.0647
27.0686
28.0588
28.4462
28.497
28.234
29.1511
30.4304
34.3186
30.9483
32.3968
28.0944
26.5188
27.7836
27.3813
30.1284
30.5552
30.8428
30.7107
30.1782
28.55
30.8775
27.5595
29.7271
34.9199
31.1514
31.7539
29.8442
34.4836
28.6029
32.1623
32.286
34.2039
30.8462
34.9805
30.385
30.3834
29.1559
30.9117
31.3373
28.889
31.1584
32.9594
32.4038
32.2201
33.8811
35.37
31.6443
29.5138
32.0041
34.1432
35.2762
34.4732
33.7862
40.4856
31.928
33.7181
33.8112
31.7535
34.6182
34.4736
33.8419
32.6227
34.4754
32.7604
34.5223
35.0708
36.7948
31.3649
35.6272
32.4132
34.2537
33.9961
31.7711
40.3946
34.9912
36.393
33.8438
34.4154
36.0637
37.8621
36.7691
34.3006
38.3957
35.139
38.7633
37.5898
35.1458
38.1032
40.1521
37.712
36.1815
36.1454
35.1525
36.2234
35.3452
36.4934
37.79
37.0657
35.2692
37.6577
35.944
40.3519
37.088
36.9971
37.1206
37.0242
36.5898
37.8076
38.0804
36.325
38.1172
36.2832
39.5052
35.7379
36.8274
38.9604
37.41
37.528
43.9349
41.1468
38.741
43.0627
36.8731
40.1104
40.0943
38.6684
40.416
38.5109
38.3548
37.3868
36.8141
40.3989
39.7344
42.9942
37.185
39.7202
38.4344
43.2614
40.8746
38.6932
40.2617
37.2509
41.8217
38.568
43.7878
38.8484
37.5222
38.7264
37.7436
40.9142
38.7666
40.4808
40.1603
41.3826
39.3258
41.6358
42.1916
42.455
43.7703
43.7337
39.9079
45.1162
40.1026
42.526
41.8336
41.6528
41.3862
41.118
43.7415
48.0523
44.039
40.2849
38.502
39.2279
45.6166
42.213
44.9747
41.3489
42.443
42.3635
43.7503
43.3634
43.0197
40.9105
39.2409
41.5364
42.4902
40.7514
40.9806
43.5588
40.0508
41.7776
43.4157
41.55
39.9622
44.8142
42.8223
39.739
40.7407
39.4525
45.5573
40.618
42.4693
42.6636
41.5336
45.335
43.6723
43.8969
43.3712
43.7714
42.7588
43.1661
40.0058
43.1236
43.4588
44.4159
47.1418
45.1632
42.4854
44.1006
43.4626
41.6772
41.5908
45.4934
43.2424
45.0513
41.9836
44.9636
44.9925
42.1227
52.8076
44.3454
43.1829
50.8164
46.7472
42.8013
47.3018
48.3494
47.3551
42.8395
44.4251
47.5985
43.7853
42.7483
45.1176
44.5512
44.8837
42.9001
43.4345
41.801
43.3233
42.48
44.888
42.8405
43.5773
42.8501
42.7869
44.0595
43.2268
42.376
43.788
44.2514
43.8513
44.8074
46.6427
44.4199
43.6503
40.2296
43.2382
41.5934
39.6581
44.8851
43.2568
45.633
45.1468
47.1276
46.5967
41.8222
42.9284
45.7504
47.586
42.1436
41.7562
43.511
44.9659
43.8174
43.1507
47.6347
47.2174
43.4552
42.8865
43.9587
49.5703
50.375
43.5661
49.5902
46.0601
45.3259
45.7875
43.424
47.4468
45.6541
45.867
44.3086
45.4251
43.7899
46.3779
47.7369
47.6331
47.201
48.442
47.6742
47.8643
46.8469
51.7009
51.4625
49.5859
48.3423
48.8816
49.018
47.4545
51.4428
49.2251
50.5668
46.9817
50.7993
48.9699
47.4382
47.9112
49.2851
52.3274
47.3143
46.3153
48.3742
50.6107
46.3386
47.4908
48.4606
49.3358
50.3276
47.2218
52.7803
49.9846
51.3473
49.2373
44.6364
49.6307
49.2704
46.5675
45.3238
48.1629
49.8343
48.9092
46.1612
48.147
46.039
49.5761
46.4894
47.1749
51.5586
48.6158
45.7156
50.3202
45.831
45.3726
47.5502
47.7543
49.8208
47.3286
48.54
46.4245
50.6832
49.9824
48.3208
48.2039
48.2621
49.5731
48.7277
51.468
53.5882
49.2138
52.3318
50.8829
51.9427
51.9973
53.7774
54.939
54.8555
52.2472
53.3984
48.0648
52.1552
50.0013
51.6621
53.6143
50.8779
56.6056
53.7159
55.0566
57.0579
52.2675
51.9536
52.9969
54.5314
54.2153
52.9051
52.3699
54.1805
52.7815
52.2774
54.9758
56.4626
53.9311
52.6993
51.3609
51.3045
51.2382
55.491
52.6301
51.5954
51.1376
50.1679
55.7087
52.5834
52.259
51.6988
60.206
54.3129
54.8184
50.5982
54.3188
51.3972
51.1876
54.3662
54.418
52.84
55.8348
51.9706
52.9397
53.1824
53.1493
51.3562
51.2964
55.1977
53.8799
54.0133
55.3088
52.8887
52.9092
50.8806
49.7134
52.5624
54.0829
55.2968
53.5368
55.6259
55.1818
50.7811
51.2818
50.7305
51.3454
49.644
54.8444
50.625
55.0466
54.9282
54.2981
55.23
52.0467
53.1765
52.3698
52.8195
53.024
52.7731
51.2667
52.6934
55.0682
52.655
54.1583
54.653
52.2148
54.856
57.08
56.6626
55.6042
55.7476
57.7052
58.377
57.0895
53.2085
50.4808
52.7484
53.7651
50.029
53.2278
56.593
58.1525
54.3225
54.272
52.0618
54.1095
57.8354
53.3749
53.1337
54.6882
55.9546
57.1657
53.1141
55.2764
53.6495
52.1912
53.8712
51.0568
51.815
50.297
52.1695
55.8669
53.6049
53.8569
54.3462
53.605
53.6293
55.198
55.9668
52.2237
55.8198
58.0024
54.183
54.22
54.3756
57.9187
53.0962
53.7069
54.5036
50.8062
55.0251
53.0518
53.8028
57.28
52.7319
56.5804
54.1891
51.309
53.7535
56.5139
52.4307
57.4541
52.5194
53.7174
52.7284
57.5453
56.3848
53.1583
56.2312
53.3746
52.0796
55.4135
55.9861
54.3052
55.2065
58.1341
56.5281
54.2913
54.772
54.9816
55.5815
57.733
56.0057
56.3524
54.5891
58.4182
59.1459
58.562
52.2722
55.7198
57.2708
54.9779
56.505
54.6086
55.4972
56.6739
53.8836
57.4397
53.3835
55.3976
57.2002
55.2704
55.774
55.6991
61.341
59.7501
50.5208
54.0608
54.3499
52.5257
56.8812
54.0247
58.4054
53.9796
56.4485
54.2341
53.2756
55.1799
55.981
56.6079
57.7542
55.2251
54.7273
56.224
53.3094
58.6331
57.7441
55.5101
52.1701
53.8725
54.4472
53.1972
61.68
57.4622
58.9433
58.3444
57.9383
57.4707
53.1243
60.088
56.5775
54.5608
57.5364
55.9212
55.3281
57.775
57.0866
56.9999
58.2212
57.0279
53.0502
53.9544
55.5215
55.5684
56.26
56.0823
55.9411
60.4964
56.2211
59.9868
56.5044
56.3758
60.8201
53.836
56.4675
58.4974
57.2924
55.4884
54.271
55.6838
58.8286
60.2622
56.2667
59.1056
55.8146
57.0956
54.5392
57.8579
55.4225
56.9447
58.4401
58.5415
58.4742
56.8946
57.2966
57.574
57.5509
57.1468
58.4695
53.6116
56.8767
55.9593
56.2628
55.4374
53.5267
56.8968
55.6322
58.2881
57.546
58.399
55.1446
57.6536
57.2141
56.401
55.9747
56.2152
55.0771
56.2791
57.6668
54.8404
60.3376
57.7354
61.4704
56.3538
56.3937
58.6104
56.2876
53.8241
58.5831
55.4831
55.5808
57.5308
55.88
54.3989
58.5443
54.8866
56.8801
56.9594
56.5738
56.8508
55.8467
60.8943
59.14
61.1568
61.274
58.0225
56.2697
58.1276
60.3097
56.1474
55.478
56.3619
60.39
58.2813
61.3882
58.567
65.6709
59.2517
63.6203
59.3059
59.3546
59.5761
55.4814
56.5656
55.7307
58.5642
60.318
58.0578
57.6296
58.4288
61.4822
57.4324
57.4955
59.8492
60.6135
63.2564
60.097
59.8765
60.3394
57.2608
58.9694
56.2548
58.7222
58.0652
60.307
57.593
59.4955
58.5836
61.0138
59.1445
55.5974
59.0377
59.7782
59.2973
56.156
61.599
59.5927
58.2841
56.4324
58.8213
56.2174
59.9832
62.7917
60.2192
60.0127
57.6404
57.1833
60.8555
58.1175
60.0776
62.5324
57.7765
60.8609
59.4651
60.3082
59.7776
62.254
58.44
57.5426
59.3578
58.0901
63.4548
61.1488
63.4812
58.7464
60.8062
61.2322
61.9504
59.2901
60.3174
61.4893
60.7273
61.0067
62.309
62.0481
62.2939
63.3337
61.5278
60.6467
64.7164
60.8666
60.8433
62.2176
67.2481
64.7772
63.1998
65.0297
64.6425
62.2749
61.6427
62.168
62.6889
60.5052
61.9003
62.3446
65.1552
65.1713
67.5811
64.5907
67.1554
66.7189
64.4612
66.0222
64.3546
69.9986
65.0362
63.0737
63.7542
68.3886
65.5357
64.1244
66.5262
70.1514
62.7936
66.3453
69.3056
65.648
62.3355
64.2763
63.9472
67.4527
65.7716
68.4284
63.903
68.6108
64.4203
64.129
65.3774
63.1102
63.4884
67.4042
66.6261
65.2286
67.8615
64.5796
61.552
65.1961
63.7751
61.8793
64.5059
67.3853
63.3257
66.4418
66.1364
64.9634
66.2322
65.4909
65.109
63.6952
65.514
63.2803
61.9812
65.2512
66.5076
65.7614
65.3912
64.9847
65.4359
66.2605
63.428
66.4154
62.9082
69.2935
62.2474
65.6923
64.0339
64.0623
63.5074
66.5996
64.2069
68.4464
63.9898
67.7847
63.0927
63.2309
65.92
62.8712
62.9382
63.8884
67.7033
68.1295
70.7954
64.4307
63.0385
64.3087
66.0767
69.1029
64.7232
66.6634
65.9635
69.1973
63.2887
66.809
66.515
65.9325
64.7622
65.7654
64.7764
66.3468
64.3618
68.8759
65.7008
68.2276
66.3645
67.9183
65.7175
70.4487
67.1639
67.1691
66.2697
67.892
67.7558
65.6278
67.1976
69.033
68.0513
64.8054
68.2161
64.9353
65.6066
65.9454
65.3903
65.0914
68.1633
66.7697
65.7228
64.1423
66.7777
67.2788
67.9114
66.5965
67.7672
64.2887
64.325
68.6104
65.5244
69.8613
69.6008
61.9602
66.1474
66.1907
63.671
66.5386
69.5971
63.3809
67.7031
66.1514
66.4109
63.5736
66.2576
66.9904
65.6452
64.9193
68.8588
64.2111
66.7837
67.1282
68.5989
67.0712
66.9184
65.544
69.0655
64.8027
65.6453
65.1176
71.2678
64.9139
63.6495
64.9851
64.9204
68.9845
67.6091
67.1
68.22
65.2048
69.0287
69.7493
68.2249
68.3886
64.9391
65.7348
64.1645
62.9939
63.6668
69.3586
68.2338
64.2585
66.1806
65.2256
68.2031
67.1462
69.5322
67.7119
65.9419
67.0068
64.8592
65.4084
71.0316
64.9389
64.7115
65.1282
63.6352
63.4662
64.8016
68.1905
63.5971
63.6131
65.357
68.2056
64.5889
65.0453
66.4437
64.201
65.9293
64.8189
66.923
68.0542
69.1102
68.4649
65.8999
66.4091
69.5617
69.1781
67.5204
66.9222
70.0964
68.2335
67.796
64.5755
66.3043
68.8141
67.1901
67.8127
66.1169
66.1052
64.488
68.8749
64.3408
66.3762
66.9771
64.5534
68.0607
67.1807
68.1757
67.684
66.5783
68.4366
66.3012
67.399
61.9818
63.6795
67.0548
65.2404
66.9443
66.2928
67.8498
66.7567
66.9088
67.494
67.6378
67.5165
66.3206
66.5394
69.0341
67.9515
66.7683
67.8328
69.8638
66.6641
66.9492
65.7284
66.6618
69.7008
66.2577
67.7022
71.0533
67.11
68.3145
67.9428
70.3545
70.8423
67.129
67.1579
69.1307
69.3475
66.7893
70.0894
68.1746
67.8238
67.1302
71.1592
67.8577
70.4941
68.3585
70.8302
70.2596
67.2164
69.4482
67.4297
69.1925
68.7948
68.4721
69.4111
67.2612
67.033
70.3697
66.9132
68.3549
67.2498
66.5303
65.998
67.4718
68.1791
69.6436
67.9163
67.8711
68.7203
72.7275
67.4268
69.3705
68.5892
65.136
65.1911
66.8454
68.1841
70.4983
68.5729
67.5711
65.8228
69.5419
69.7666
69.8703
68.7976
71.9612
67.9786
