8.17133
9.53555
10.1946
10.5301
11.4739
14.4424
17.55
19.7229
18.0464
19.4436
18.3822
19.3577
19.6995
19.4909
20.7926
20.6083
20.225
21.201
20.7929
21.573
21.9276
21.0731
20.1419
21.9341
21.5672
22.1448
22.4669
21.0189
20.5831
22.3514
23.3943
22.9435
23.2147
23.6291
23.0161
22.3914
23.7297
23.4393
23.4524
23.7932
23.0029
24.1265
22.2067
23.7979
22.7011
23.5813
22.1271
22.6816
24.5274
23.6634
22.3914
23.0365
23.321
23.6604
24.7918
23.029
23.7967
23.3116
23.417
22.1105
22.5717
23.871
24.1073
25.1224
24.92
25.2935
25.0104
23.2851
23.641
23.2652
23.0282
24.8368
24.5069
23.3276
24.3756
21.8686
22.2813
23.5726
23.9906
23.1134
22.2356
23.3134
21.7621
23.0464
23.0192
24.4433
24.3592
24.593
22.3264
22.7564
23.0268
22.4285
22.6972
23.8006
23.0863
24.2489
22.2314
23.4933
24.4071
24.3959
23.2047
23.8196
23.9629
24.7098
23.8104
25.4894
25.2106
23.9623
24.3531
25.0512
23.7122
23.9823
24.6812
25.4781
25.8741
26.5697
26.8743
26.9088
26.1466
25.0134
26.1021
27.3827
26.3659
25.9206
27.8479
26.603
27.0168
26.7543
26.4081
26.0398
