14.5458
16.3586
16.4924
19.2171
19.8752
20.878
26.0689
23.9402
25.1476
28.4045
26.3289
28.0282
25.5926
28.5162
28.2387
26.6752
27.2017
26.9417
25.6876
27.0322
29.0648
26.4079
31.2839
27.185
30.6746
29.7446
27.2371
29.9937
29.0883
32.413
30.9601
27.6836
31.8112
30.3324
29.9769
33.2707
27.9702
30.7444
30.3041
29.3976
27.0303
29.5387
30.2897
28.4498
28.8434
28.7984
27.5094
29.8356
30.7287
32.0911
28.3982
28.3181
31.9576
30.9519
33.7187
30.2663
31.6238
27.7567
31.9829
27.7455
30.5221
31.1295
33.1725
32.6525
31.8119
34.6396
36.6469
31.64
31.6551
29.2129
32.4738
31.2783
31.4054
29.5846
34.2206
27.7625
30.0092
30.7163
29.008
28.2436
30.4658
30.2362
34.3634
31.292
29.3363
31.075
32.3397
32.7278
31.6863
30.9217
31.5917
32.8917
30.8247
30.6726
31.6083
30.2159
27.8332
33.0108
33.1721
31.4536
28.8536
31.5383
31.0406
31.4845
32.0328
32.4573
30.2357
32.0645
30.4986
32.5808
30.7113
30.8089
31.3494
31.3557
35.2636
32.7821
34.7432
35.7371
34.113
29.8572
34.5336
34.8305
35.3382
34.1076
35.9982
37.403
34.7457
33.5247
32.9179
32.3673
